2013-12-01T00:00:59.151Z,-2.8024,11.2927,234.6304,0.0488,-0.248,45.4771,75.0323,231.6985,0.3222,0.6061,12.4357,17.2952,233.4009,0.0703,0.7184
2013-12-01T00:01:59.396Z,-2.7977,11.2994,234.5202,0.0489,-0.2468,45.4442,74.9409,231.5088,0.322,0.6064,12.4513,17.2959,233.3747,0.0702,0.7202
2013-12-01T00:02:59.547Z,-2.7466,11.3546,234.8991,0.0489,-0.2395,45.9678,75.3447,232.45,0.323,0.6101,12.5066,17.3886,234.4635,0.0703,0.7193
2013-12-01T00:03:59.066Z,-2.7068,11.2414,235.2088,0.0485,-0.2401,45.9512,75.2804,232.2708,0.3225,0.6104,12.5034,17.363,234.3178,0.07,0.7201
2013-12-01T00:04:59.364Z,-2.6722,11.2585,235.6644,0.0485,-0.237,45.7388,75.315,231.9153,0.324,0.6073,12.458,17.2951,233.3698,0.0702,0.7202
2013-12-01T00:05:59.740Z,-2.7747,11.2792,236.0623,0.0487,-0.2454,45.6667,75.4947,232.0573,0.3261,0.6049,12.5264,17.2998,233.4869,0.0704,0.7245
2013-12-01T00:06:59.016Z,-2.853,11.4399,235.067,0.0489,-0.2473,45.7900,75.4118,232.6103,0.3227,0.6072,12.4575,17.2688,233.2363,0.07,0.7212
2013-12-01T00:07:59.241Z,-2.8402,11.4052,234.8901,0.0494,-0.2484,45.9368,75.5167,233.2534,0.3221,0.6083,12.4751,17.2798,233.3929,0.0704,0.7219
2013-12-01T00:08:59.509Z,-2.6623,11.109,234.5348,0.048,-0.239,46.2194,75.6579,234.1843,0.3206,0.6109,12.4237,17.2709,233.2336,0.0704,0.7196
2013-12-01T00:09:59.708Z,-2.7502,11.1644,234.5353,0.048,-0.2452,46.5475,75.6993,233.8428,0.3217,0.6149,12.469,17.3562,234.5549,0.0703,0.7189
2013-12-01T00:10:59.002Z,-2.6895,11.2866,235.4825,0.0484,-0.2369,46.5553,75.8848,233.3595,0.3255,0.6135,12.4901,17.4505,235.8255,0.0702,0.7154
2013-12-01T00:11:59.140Z,-2.6802,11.3699,235.6422,0.0485,-0.235,46.3643,75.6845,232.496,0.3267,0.6126,12.5517,17.4521,235.8499,0.0703,0.7188
2013-12-01T00:12:59.241Z,-2.6689,11.2452,235.2333,0.0486,-0.2363,46.3271,75.5005,232.2621,0.3255,0.6136,12.5024,17.47,236.1068,0.0702,0.7153
2013-12-01T00:13:59.492Z,-2.6643,11.2322,235.1628,0.0483,-0.2361,73.5511,112.6357,231.9605,0.4856,0.653,12.4862,17.4253,235.4339,0.0701,0.7168
2013-12-01T00:14:59.575Z,1088.0541,1115.3737,232.2078,4.8093,0.7935,1561.0873,1692.9696,230.3746,7.3553,0.9221,1188.1043,1237.8308,234.475,5.2842,0.9386
2013-12-01T00:15:59.731Z,1284.2911,1315.4526,232.0746,5.6686,0.9777,1790.6755,1888.8982,230.0598,8.2101,0.948,1379.2996,1410.3171,233.5638,6.038,0.9799
2013-12-01T00:16:59.863Z,1285.1638,1317.2668,232.4765,5.6663,0.9764,1788.9459,1884.4895,230.407,8.179,0.9493,1391.0515,1420.4776,233.6454,6.0796,0.98
2013-12-01T00:17:59.010Z,1303.8736,1339.6899,232.9455,5.7509,0.9719,1784.7286,1891.8048,230.3618,8.2125,0.9434,1405.066,1435.7246,233.612,6.1456,0.98
2013-12-01T00:18:59.180Z,1290.9785,1328.4652,232.7538,5.7077,0.9704,1810.6093,1915.178,231.2905,8.2805,0.9454,1413.1511,1451.4029,232.4958,6.2427,0.9737
2013-12-01T00:19:59.477Z,1295.1615,1333.59,232.9583,5.7245,0.97,1801.9469,1913.7074,231.0469,8.2827,0.9416,1412.3511,1450.9066,232.2308,6.2474,0.9715
2013-12-01T00:20:59.757Z,1301.0574,1343.0659,232.6292,5.7733,0.9699,1789.6944,1904.538,230.1265,8.2765,0.9397,1409.5549,1448.4768,232.007,6.2437,0.9714
2013-12-01T00:21:59.034Z,1307.8526,1350.4223,232.6712,5.8045,0.9699,1800.9533,1916.1116,230.6005,8.3095,0.9399,1414.2919,1455.1805,232.0079,6.2725,0.9701
2013-12-01T00:22:59.188Z,1296.2059,1340.8037,232.4664,5.7676,0.968,1803.2267,1918.3263,230.7063,8.3149,0.94,1422.2854,1465.2572,232.0228,6.315,0.97
2013-12-01T00:23:59.381Z,1305.4795,1356.3877,231.6224,5.8565,0.961,1799.6074,1913.6616,230.9125,8.288,0.9404,1450.0908,1491.7529,233.5261,6.3881,0.97
2013-12-01T00:24:59.509Z,1319.1554,1368.6351,231.4254,5.9138,0.9628,1798.7002,1913.5109,230.9752,8.2845,0.94,1450.7622,1488.2162,234.334,6.3502,0.9749
2013-12-01T00:25:59.668Z,1325.3038,1372.8659,231.1864,5.9384,0.9652,1800.3792,1918.5627,231.1228,8.3007,0.9384,1443.0553,1481.5729,234.3389,6.3223,0.9722
2013-12-01T00:26:59.898Z,1334.5746,1382.9371,231.3559,5.9775,0.9652,1799.8249,1919.4038,231.1257,8.3049,0.9377,1447.1608,1486.3781,234.29,6.3443,0.9714
2013-12-01T00:27:59.067Z,1319.9499,1375.3521,230.4005,5.9696,0.9581,1789.6082,1904.2437,231.3903,8.2293,0.9398,1462.1938,1501.3332,234.2823,6.4082,0.9725
2013-12-01T00:28:59.310Z,1298.2528,1360.9262,228.5015,5.9556,0.9519,1769.5442,1881.293,231.8739,8.1137,0.9406,1478.8741,1516.7308,234.6592,6.4633,0.9758
2013-12-01T00:29:59.628Z,1310.7552,1364.3561,231.22,5.9002,0.96,1795.2110,1909.1896,231.5905,8.2433,0.9403,1460.8995,1502.0925,233.5659,6.4313,0.97
2013-12-01T00:30:59.890Z,1307.3268,1361.838,230.9067,5.8984,0.96,1789.9304,1904.1813,231.1822,8.2367,0.94,1455.1988,1497.16,233.1289,6.4218,0.97
2013-12-01T00:31:59.179Z,1312.6804,1367.1614,231.2104,5.9132,0.96,1790.3178,1904.5934,231.2721,8.2353,0.94,1457.4548,1498.7731,232.9604,6.4334,0.9715
2013-12-01T00:32:59.844Z,1326.9406,1381.9298,231.9613,5.9584,0.9599,1799.1113,1913.3376,231.9206,8.2496,0.9403,1483.4797,1521.8974,234.4138,6.4924,0.9744
2013-12-01T00:33:59.196Z,1320.1032,1376.5765,231.5248,5.9464,0.9595,1798.9552,1912.1548,231.2031,8.2708,0.9408,1478.6186,1519.4448,234.5244,6.4791,0.9708
2013-12-01T00:34:59.573Z,1333.2129,1386.5839,232.5546,5.9626,0.96,1805.3087,1920.5412,230.9952,8.3141,0.94,1473.4737,1513.4759,234.2665,6.46,0.9729
2013-12-01T00:35:59.767Z,1322.5983,1379.9177,232.1405,5.9439,0.9592,1803.1583,1918.0495,231.1512,8.2976,0.9401,1485.084,1526.7696,234.2714,6.5172,0.9705
2013-12-01T00:36:59.215Z,1306.4508,1361.8135,232.0186,5.8697,0.9595,1812.7237,1928.4295,231.5204,8.3293,0.94,1468.2948,1516.705,232.6995,6.5183,0.9699
2013-12-01T00:37:59.275Z,1329.2052,1383.0177,232.4549,5.9497,0.961,1810.5960,1934.1908,231.1062,8.3692,0.9361,1459.053,1506.0786,232.6832,6.4728,0.9698
2013-12-01T00:38:59.481Z,1327.1282,1381.2569,232.278,5.9465,0.9601,1834.2305,1955.2612,231.6099,8.442,0.9381,1461.674,1514.7517,232.3362,6.5196,0.9649
2013-12-01T00:39:59.848Z,1333.4511,1384.4858,232.5594,5.9533,0.963,1854.6747,1973.4781,231.9371,8.5084,0.9398,1463.6182,1518.6817,232.8637,6.5219,0.9626
2013-12-01T00:40:59.981Z,1347.3729,1404.0398,232.202,6.0463,0.9599,1830.8909,1956.08,231.0942,8.464,0.936,1476.0524,1525.9591,233.7822,6.5281,0.9698
2013-12-01T00:41:59.216Z,1349.3916,1407.1688,232.2616,6.0584,0.9598,1826.5218,1956.2191,231.1676,8.4627,0.9337,1475.5064,1524.5201,233.4915,6.5288,0.9699
2013-12-01T00:42:59.361Z,1368.3029,1420.3524,232.5872,6.1064,0.9614,1831.7233,1969.5949,231.0561,8.524,0.93,1459.2025,1508.9398,233.7521,6.4553,0.9693
2013-12-01T00:43:59.434Z,1355.1018,1409.8476,232.5354,6.0626,0.96,1830.6381,1967.7933,230.8682,8.5232,0.9303,1458.8227,1512.9017,232.7761,6.4997,0.9641
2013-12-01T00:44:59.535Z,1343.1022,1396.62,232.169,6.0153,0.96,1842.2932,1980.9604,230.9243,8.5787,0.93,1449.0087,1510.2435,231.9425,6.512,0.96
2013-12-01T00:45:59.828Z,1351.0361,1402.2318,232.0641,6.042,0.9623,1848.9768,1988.1471,230.6581,8.6195,0.93,1440.9758,1503.5552,232.1974,6.4749,0.9599
2013-12-01T00:46:59.953Z,1359.9462,1412.5766,232.2262,6.0827,0.9603,1848.2848,1987.403,230.5566,8.6207,0.93,1449.87,1510.0676,232.6833,6.4901,0.96
2013-12-01T00:47:59.060Z,1362.8751,1416.7397,232.2213,6.1008,0.96,1845.3883,1983.8619,230.8364,8.594,0.9302,1461.4432,1517.9991,233.4736,6.5019,0.9605
2013-12-01T00:48:59.266Z,1365.1094,1419.5582,232.6686,6.101,0.96,1854.4626,1987.2081,231.2172,8.5951,0.9332,1479.2216,1534.7353,234.1631,6.5542,0.9617
2013-12-01T00:49:59.369Z,1347.9663,1403.7649,231.9048,6.0526,0.96,1852.6770,1988.0642,230.6923,8.6182,0.9319,1465.8708,1527.5116,233.1866,6.5513,0.96
2013-12-01T00:50:59.453Z,1355.0691,1415.3651,231.4259,6.1155,0.9598,1841.1841,1979.7678,230.3624,8.5942,0.93,1468.6085,1527.7359,233.181,6.5514,0.96
2013-12-01T00:51:59.610Z,1376.2166,1435.8678,231.8751,6.1925,0.96,1850.5419,1990.044,230.583,8.6298,0.9299,1470.3055,1529.513,233.2966,6.5559,0.96
2013-12-01T21:23:59.281Z,143.9765,240.8104,231.8446,0.7798,-0.2165,123.9569,242.1506,225.1252,0.7989,0.5119,160.493,245.5604,229.3867,0.8002,0.6813
2013-12-01T21:24:59.477Z,-2.8111,11.4046,234.6054,0.0494,-0.2452,8.9748,16.5496,229.036,0.0708,0.5423,12.424,17.3114,231.2033,0.0724,0.7194
2013-12-01T21:25:59.557Z,-2.7728,11.2888,233.6998,0.0486,-0.2447,8.7863,16.3648,229.8739,0.0703,0.5369,12.4712,17.1268,230.6194,0.0706,0.7287
2013-12-01T21:26:59.831Z,-2.964,11.5941,233.7795,0.05,-0.2542,8.7833,16.3259,229.1369,0.0702,0.538,12.5663,17.2177,231.6958,0.0714,0.7301
2013-12-01T21:27:59.105Z,-2.5066,10.9276,231.416,0.0475,-0.2276,8.3542,16.072,229.4204,0.07,0.5198,12.6125,17.3883,233.4675,0.071,0.7259
2013-12-01T21:28:59.285Z,-2.7693,11.3483,233.785,0.0495,-0.243,8.8305,16.4349,229.0774,0.0705,0.5373,12.5749,17.2494,232.2795,0.0705,0.729
2013-12-01T21:29:59.521Z,-2.8175,11.3991,234.1913,0.0489,-0.2457,8.8665,16.3257,227.7819,0.0702,0.5431,12.5304,17.2293,232.2802,0.0706,0.7273
2013-12-01T21:30:59.708Z,-2.8013,11.4497,234.3397,0.0498,-0.2437,8.9033,16.3303,228.04,0.0701,0.5452,12.5001,17.244,232.3317,0.0709,0.725
2013-12-01T21:31:59.905Z,-2.7557,11.4016,234.5907,0.0494,-0.2407,8.9687,16.3722,227.9901,0.0704,0.5478,12.5336,17.237,232.1324,0.0709,0.7272
2013-12-01T21:32:59.193Z,-2.7166,11.4015,234.0841,0.0493,-0.2372,8.9445,16.349,227.6267,0.0705,0.5471,12.4938,17.1859,231.7603,0.0704,0.7271
2013-12-01T21:33:59.377Z,-2.8529,11.3906,234.2696,0.0497,-0.2496,8.9220,16.4219,228.0431,0.0707,0.5433,12.5123,17.2295,231.6084,0.0707,0.7263
2013-12-01T21:34:59.488Z,-2.8018,11.2852,234.663,0.0489,-0.2477,8.9784,16.3779,227.6201,0.0704,0.5482,12.4576,17.1429,230.7393,0.0707,0.7262
2013-12-01T21:35:59.804Z,-2.7576,11.2568,234.5046,0.0486,-0.2439,9.0077,16.3717,227.1948,0.0706,0.5502,12.4736,17.1739,230.8866,0.0706,0.7259
2013-12-01T21:36:59.061Z,-2.7239,11.2887,235.0091,0.0488,-0.2405,8.8965,16.2493,227.063,0.0707,0.5475,12.4774,17.1775,231.6397,0.0702,0.7263
2013-12-01T21:37:59.290Z,-2.7053,11.2232,235.0138,0.0487,-0.2403,9.0057,16.4069,227.009,0.0704,0.5489,12.4247,17.3274,231.453,0.0712,0.7197
2013-12-01T21:38:59.596Z,-2.7376,11.1846,234.1169,0.0483,-0.2439,8.9108,16.4073,227.8916,0.0702,0.5431,12.4738,17.172,230.8915,0.0712,0.7264
2013-12-01T21:39:59.787Z,-2.8306,11.4737,234.1676,0.0498,-0.246,8.8193,16.2627,226.9424,0.0701,0.5423,12.5376,17.1948,231.1573,0.071,0.7289
2013-12-01T21:40:59.156Z,-2.4899,10.9618,233.9971,0.0468,-0.2241,8.8804,16.2943,228.1424,0.0701,0.545,12.5496,17.2948,232.7708,0.0704,0.7261
2013-12-01T21:41:59.276Z,-1.9971,9.8734,232.8367,0.0422,-0.2014,8.7410,16.2654,228.5028,0.0703,0.5374,12.5607,17.2972,232.7466,0.071,0.7262
2013-12-01T21:42:59.415Z,-2.8912,11.5545,234.2703,0.05,-0.2498,8.8990,16.4097,228.3102,0.0702,0.5423,12.5373,17.38,232.98,0.0711,0.7233
2013-12-01T21:43:59.599Z,-2.6981,11.1965,233.2181,0.0485,-0.2407,8.6908,16.3607,230.5131,0.0702,0.5312,12.5747,17.3401,233.365,0.0713,0.7253
2013-12-01T21:47:59.896Z,358.3895,568.7132,225.0618,2.4123,0.6559,246.8241,569.7695,211.9464,1.8527,0.4332,375.4318,573.1268,212.9518,1.8541,0.5973
2013-12-01T21:48:59.078Z,-2.614,11.0425,231.8457,0.0486,-0.2362,8.2432,15.7613,228.3064,0.0699,0.523,12.4271,17.0474,229.6647,0.0707,0.7288
2013-12-01T21:49:59.229Z,-2.7235,11.1838,232.0828,0.049,-0.2429,8.2991,15.8079,228.4335,0.0699,0.525,12.3787,17.0422,229.8501,0.0701,0.7262
2013-12-01T21:50:59.421Z,-2.3223,10.6886,231.8335,0.0456,-0.2143,8.3249,15.7907,228.0097,0.07,0.5272,12.3322,17.1603,230.1223,0.0711,0.7206
2013-12-01T21:51:59.617Z,-1.9095,9.8562,231.4333,0.042,-0.1925,8.2429,15.6205,226.1199,0.0699,0.5277,12.3902,17.0413,229.4137,0.0709,0.7271
2013-12-01T21:52:59.815Z,-1.7433,9.6735,231.6536,0.0413,-0.1791,8.3387,15.7037,225.3786,0.0698,0.531,12.3996,17.0336,229.5957,0.0702,0.7278
2013-12-01T21:53:59.965Z,-1.7419,9.6688,231.7536,0.0413,-0.1794,8.3342,15.7279,226.0227,0.07,0.5299,12.4395,17.1131,230.4449,0.0706,0.7267
2013-12-01T21:54:59.174Z,-1.7864,9.9641,232.7079,0.0423,-0.1803,8.4867,15.8364,226.2351,0.07,0.5359,12.4935,17.1523,231.1059,0.0707,0.7286
2013-12-01T21:55:59.348Z,-1.6973,9.8102,232.9979,0.0416,-0.1722,8.6127,15.9879,226.9838,0.07,0.5387,12.5181,17.1963,231.7976,0.0703,0.7279
2013-12-01T21:56:59.451Z,-1.8154,9.8322,232.7741,0.0419,-0.1833,8.5333,15.8996,226.4315,0.07,0.5367,12.5363,17.2181,231.9034,0.0707,0.7284
2013-12-01T21:57:59.636Z,-1.7124,9.5921,232.4909,0.0407,-0.1772,8.4256,15.805,226.2033,0.07,0.5331,12.534,17.2437,232.0446,0.0712,0.7269
2013-12-01T21:58:59.833Z,-1.7932,9.7248,231.7975,0.0413,-0.1838,8.3381,15.8069,226.8826,0.0699,0.5275,12.4642,17.1815,231.3441,0.0707,0.7254
2013-12-01T21:59:59.941Z,-1.8403,9.7268,231.4356,0.0413,-0.1884,8.1626,15.6974,226.6702,0.0702,0.52,12.4943,17.1451,230.8431,0.0705,0.7281
2013-12-01T22:00:59.141Z,-1.8058,9.6429,231.8628,0.0409,-0.1862,8.2823,15.701,227.1014,0.0699,0.5275,12.4559,17.1203,230.9042,0.0705,0.7274
2013-12-01T22:01:59.302Z,-1.819,9.7962,232.4135,0.0418,-0.1851,8.4249,15.8096,226.7287,0.0699,0.5329,12.4682,17.1304,230.9187,0.0702,0.7282
2013-12-01T22:02:59.572Z,-1.768,9.7185,232.6203,0.0416,-0.1807,8.5154,15.9823,226.9036,0.0703,0.5328,12.4598,17.1721,231.4077,0.0706,0.7261
2013-12-01T22:03:59.673Z,-1.725,9.6335,232.603,0.0409,-0.1785,8.5174,16.0312,227.9114,0.0704,0.5313,12.4826,17.1651,231.2955,0.0705,0.7273
2013-12-01T22:04:59.959Z,-1.7774,9.7869,233.0686,0.0412,-0.1806,8.6634,16.1359,228.4137,0.0702,0.5369,12.515,17.2074,231.7649,0.0707,0.7274
2013-12-01T22:05:59.177Z,-1.6994,9.6888,232.8659,0.0413,-0.1742,8.5047,15.9652,227.9088,0.07,0.5327,12.493,17.199,231.7216,0.0706,0.7261
2013-12-01T22:06:59.405Z,-1.7424,9.7148,232.788,0.0416,-0.1784,8.4755,15.8718,226.3879,0.0701,0.534,12.5035,17.203,231.5343,0.071,0.7265
2013-12-01T22:07:59.580Z,-1.7089,9.5818,231.0782,0.0411,-0.1765,8.1907,15.7362,227.1201,0.0699,0.5205,12.4895,17.2104,232.1516,0.0702,0.7255
2013-12-01T22:08:59.758Z,-1.7114,9.6028,231.6783,0.0411,-0.1766,8.4002,15.979,227.9238,0.0702,0.5257,12.4934,17.1598,231.0369,0.0711,0.7281
2013-12-01T22:09:59.043Z,-1.7453,9.7089,232.564,0.041,-0.1797,8.4019,15.8436,227.8066,0.07,0.5303,12.4416,17.1374,231.0763,0.0703,0.7261
2013-12-01T22:10:59.143Z,-1.8051,9.7619,232.5476,0.0414,-0.1848,8.4803,15.9344,227.7166,0.07,0.5322,12.4294,17.1645,231.013,0.0706,0.7241
2013-12-01T22:11:59.356Z,-1.731,9.6732,232.5533,0.0409,-0.1782,8.4913,16.0183,228.6589,0.07,0.5301,12.5077,17.2337,231.992,0.0709,0.7254
2013-12-01T22:12:59.670Z,-1.8709,9.9094,232.3207,0.0422,-0.1874,8.5033,16.1537,229.1049,0.0704,0.5264,12.5047,17.2308,232.1182,0.0708,0.7254
2013-12-01T22:13:59.825Z,-2.5668,11.0923,233.3421,0.0483,-0.2301,8.4810,16.0564,229.069,0.0704,0.5282,12.5111,17.1784,231.5467,0.0702,0.7281
2013-12-01T22:14:59.067Z,-2.6233,11.2312,233.2788,0.0483,-0.2337,8.3934,15.9601,229.1358,0.0699,0.5259,12.5248,17.1787,231.7678,0.0703,0.7288
2013-12-01T22:15:59.199Z,-2.6568,11.142,233.4255,0.0484,-0.2373,8.5163,16.0745,229.2453,0.07,0.5298,12.5145,17.166,231.658,0.07,0.7294
2013-12-01T22:16:59.467Z,-2.6356,11.0861,232.6552,0.0484,-0.2367,8.4144,15.9696,228.7328,0.07,0.5269,12.5015,17.1971,231.8074,0.0701,0.7276
2013-12-01T22:17:59.950Z,-2.6386,11.0426,231.3805,0.0484,-0.2381,8.2084,15.9946,229.0084,0.0707,0.5132,12.56,17.2721,232.7333,0.0707,0.7273
2013-12-01T22:18:59.259Z,-2.5739,11.104,231.5912,0.0486,-0.231,8.2241,16.0595,229.9751,0.0708,0.5121,12.5488,17.2518,232.5891,0.0705,0.7278
2013-12-01T22:19:59.615Z,-2.6483,11.1648,232.3917,0.0485,-0.2365,8.3967,16.064,230.2728,0.07,0.5227,12.5657,17.2786,232.9105,0.0705,0.7271
2013-12-01T22:20:59.821Z,-2.6201,11.2548,232.2766,0.0493,-0.234,8.3461,16.041,230.2564,0.0698,0.5203,12.543,17.2501,232.5216,0.0704,0.7266
2013-12-01T22:21:59.978Z,-2.5657,11.0568,232.4702,0.0485,-0.2313,8.2804,15.9454,229.8862,0.07,0.5193,12.5472,17.2668,232.9811,0.0702,0.7271
2013-12-01T22:22:59.198Z,-2.6063,11.0934,232.6013,0.0482,-0.2339,8.3737,16.0478,229.8816,0.07,0.5218,12.4802,17.3484,233.026,0.0706,0.7211
2013-12-01T22:23:59.323Z,-2.6207,11.0945,233.2322,0.0487,-0.2356,8.4600,16.0683,229.4761,0.0699,0.5265,12.5307,17.2618,232.9861,0.0701,0.726
2013-12-01T22:24:59.693Z,-2.6599,11.212,233.8794,0.0489,-0.2364,8.6625,16.2098,229.3981,0.0699,0.5344,12.592,17.3177,233.4212,0.0705,0.727
2013-12-01T22:25:59.967Z,-2.6422,11.2437,234.4529,0.0486,-0.2341,8.7214,16.2682,229.9785,0.07,0.5361,12.5803,17.3213,233.6983,0.0703,0.7264
2013-12-01T22:26:59.375Z,-2.046,10.1709,233.4572,0.043,-0.1982,8.5454,16.0748,229.0839,0.07,0.5316,12.5652,17.2433,232.4487,0.0704,0.7289
2013-12-01T22:27:59.429Z,-1.6934,9.6056,232.5873,0.0406,-0.1752,8.4608,16.1067,228.9151,0.0704,0.5253,12.5426,17.2254,231.9036,0.0705,0.7281
2013-12-01T22:28:59.602Z,-1.713,9.6828,231.9847,0.041,-0.176,8.3853,15.9994,230.6371,0.07,0.5241,12.5,17.2154,231.8974,0.0705,0.726
2013-12-01T22:29:59.730Z,-1.9944,10.0729,232.3205,0.043,-0.1957,8.3684,16.0068,230.9215,0.0699,0.5228,12.5486,17.2527,232.1795,0.0707,0.7268
2013-12-01T22:31:59.170Z,-2.0995,10.266,231.924,0.044,-0.202,8.2958,15.9658,230.9582,0.0699,0.5196,12.4769,17.263,232.1364,0.0707,0.7237
2013-12-01T22:32:59.714Z,-2.6603,11.2028,232.6886,0.0489,-0.2366,8.3540,15.9886,229.4336,0.07,0.5225,12.5208,17.2288,232.2429,0.0701,0.7269
2013-12-01T22:33:59.887Z,-2.6805,11.193,232.8205,0.0487,-0.2387,8.4227,15.9976,228.9534,0.07,0.5265,12.5219,17.2006,232.0148,0.0703,0.7278
2013-12-01T22:34:59.091Z,-2.7393,11.2876,232.6574,0.0495,-0.2422,8.4401,16.0214,228.7918,0.0698,0.5268,12.5362,17.1889,231.908,0.0704,0.7292
2013-12-01T22:35:59.245Z,-2.7218,11.1819,232.3066,0.0479,-0.2431,8.2978,15.8446,228.6268,0.07,0.5237,12.4481,17.1664,231.5169,0.0704,0.7256
2013-12-01T22:36:59.301Z,-2.6853,11.2981,233.1554,0.0489,-0.2371,8.3335,15.7534,225.507,0.07,0.529,12.5046,17.3976,232.2924,0.0711,0.7202
2013-12-01T22:37:59.521Z,-2.6899,11.2131,232.6338,0.0494,-0.239,8.2537,15.7634,228.173,0.07,0.5236,12.4088,17.2278,231.2383,0.0706,0.7222
2013-12-01T22:38:59.747Z,-2.5989,11.1676,232.9171,0.0482,-0.2314,8.4131,16.0678,229.0245,0.0704,0.5236,12.4869,17.1659,231.3751,0.0704,0.7273
2013-12-01T22:39:59.946Z,-2.626,11.1172,232.0929,0.0485,-0.2352,8.2848,15.8501,229.0769,0.0697,0.5227,12.4807,17.2033,231.9073,0.0706,0.7255
2013-12-01T22:40:59.045Z,-2.678,11.1261,230.6007,0.0491,-0.2397,8.0965,15.7184,228.939,0.07,0.5151,12.5158,17.2179,232.1809,0.0702,0.7271
2013-12-01T22:41:59.158Z,-2.6636,11.0404,231.2066,0.0482,-0.2406,8.2636,15.959,229.3661,0.0701,0.5178,12.6002,17.3367,232.1349,0.0713,0.7269
2013-12-01T22:42:59.312Z,-2.6376,11.1436,233.9582,0.0483,-0.2359,8.6561,16.1584,229.1116,0.0701,0.5357,12.4684,17.1488,231.4924,0.0704,0.7269
2013-12-01T22:43:59.442Z,-2.7009,11.3234,234.4097,0.0488,-0.238,8.6616,16.1747,229.3357,0.0701,0.5355,12.4995,17.1585,231.4102,0.0702,0.7287
2013-12-01T22:44:59.572Z,-2.7302,11.3299,234.9041,0.0488,-0.2397,8.7429,16.2176,228.9997,0.0701,0.5391,12.4929,17.199,231.745,0.0704,0.7263
2013-12-01T22:45:59.829Z,-2.6791,11.2923,234.9117,0.0489,-0.2356,8.7574,16.2807,230.2416,0.0701,0.5379,12.518,17.3245,232.3317,0.0709,0.7236
2013-12-01T22:46:59.027Z,-2.0157,10.3075,234.4227,0.0437,-0.1918,8.9232,16.4513,229.9047,0.0701,0.5424,12.5741,17.2945,232.9174,0.0701,0.7268
2013-12-01T22:47:59.208Z,-1.7165,9.6913,233.6222,0.0407,-0.1762,8.7242,16.2372,230.1642,0.07,0.5373,12.5426,17.2423,232.2908,0.0706,0.7268
2013-12-01T22:48:59.476Z,-1.6768,9.5474,231.6569,0.0406,-0.1753,8.3140,16.044,231.1434,0.0699,0.5182,12.5829,17.2874,233.054,0.0704,0.7281
2013-12-01T22:49:59.670Z,-1.6677,9.5914,232.0028,0.0409,-0.173,8.4918,16.1964,231.3686,0.07,0.5243,12.5727,17.3086,232.9623,0.0706,0.7266
2013-12-01T22:50:59.805Z,-1.7568,9.913,233.4897,0.0415,-0.1766,8.7269,16.3486,231.4796,0.07,0.5338,12.6304,17.3483,233.3322,0.071,0.7274
2013-12-01T22:51:59.074Z,-1.7948,9.8503,233.6875,0.0417,-0.181,8.7979,16.4355,231.5244,0.0701,0.5353,12.6575,17.3492,233.4608,0.071,0.7294
2013-12-01T22:52:59.258Z,-1.8171,9.7805,233.7253,0.0412,-0.1845,8.7551,16.3739,231.6987,0.0701,0.5347,12.6277,17.3119,233.0234,0.0706,0.7291
2013-12-01T22:53:59.527Z,-1.7432,9.8128,233.9863,0.0417,-0.1762,8.8181,16.4486,231.7946,0.0701,0.5361,12.5903,17.3119,233.1183,0.0704,0.7277
2013-12-01T22:54:59.667Z,-1.7135,9.7173,233.7709,0.0413,-0.1754,8.7775,16.5271,231.8991,0.0706,0.5311,12.5791,17.3315,233.3559,0.0707,0.726
2013-12-01T22:55:59.962Z,-1.7303,9.8279,233.6999,0.0415,-0.1753,8.7161,16.5423,231.5927,0.0709,0.5269,12.5785,17.3473,233.6451,0.0707,0.7254
2013-12-01T22:56:59.148Z,-1.7237,9.7343,234.3024,0.041,-0.1761,8.9314,16.6724,231.1659,0.071,0.5357,12.6062,17.3384,233.4868,0.0702,0.7269
2013-12-01T22:57:59.207Z,-1.7796,9.8584,234.4191,0.0413,-0.1794,8.8827,16.5599,231.6723,0.0706,0.5364,12.574,17.2978,232.8779,0.0707,0.7267
2013-12-01T22:58:59.387Z,-1.7336,9.8385,234.3431,0.0414,-0.1773,8.9062,16.5359,232.1171,0.0701,0.5386,12.6484,17.3477,233.6236,0.0706,0.7295
2013-12-01T22:59:59.628Z,-2.065,10.1632,233.8524,0.043,-0.2003,8.7065,16.3349,232.135,0.0701,0.533,12.5471,17.2646,232.7516,0.0703,0.7273
2013-12-01T23:00:59.773Z,-2.5113,10.9569,232.7555,0.0476,-0.2276,8.3636,16.0314,231.2733,0.07,0.5217,12.5078,17.2321,232.0443,0.0703,0.7255
2013-12-01T23:01:59.886Z,-1.7501,9.597,231.3229,0.0413,-0.1814,8.3696,16.0153,230.6329,0.0699,0.5226,12.491,17.3517,231.2619,0.0716,0.7231
2013-12-01T23:02:59.103Z,-1.8012,9.6988,230.5873,0.0416,-0.185,8.0950,15.7337,229.9651,0.0697,0.5145,12.4398,17.1324,230.7716,0.0704,0.7258
2013-12-01T23:03:59.339Z,-1.8565,9.7487,230.1546,0.0422,-0.1894,8.1518,15.9745,229.1976,0.0703,0.5103,12.4543,17.0946,230.2569,0.0707,0.7282
2013-12-01T23:04:59.826Z,-1.8682,9.79,230.6234,0.0413,-0.1897,8.1417,15.7754,229.2989,0.0699,0.5161,12.4373,17.0827,229.9014,0.0707,0.7281
2013-12-01T23:05:59.041Z,-1.7458,9.9368,230.8768,0.0428,-0.177,8.1909,15.8401,229.7477,0.0699,0.5171,12.4411,17.068,230.0056,0.0703,0.7288
2013-12-01T23:06:59.170Z,-2.5944,11.0666,232.0292,0.0481,-0.2325,8.2959,15.9567,229.7599,0.07,0.5199,12.4555,17.0881,230.323,0.0703,0.7288
2013-12-01T23:07:59.330Z,-2.8045,11.3272,231.1662,0.0495,-0.2469,8.1518,15.9714,229.9714,0.0701,0.5104,12.4938,17.1232,230.7291,0.0706,0.7298
2013-12-01T23:08:59.603Z,-2.7564,11.3304,230.7058,0.0496,-0.2422,8.1098,15.9516,229.6987,0.0701,0.5084,12.5199,17.1843,231.5696,0.0706,0.7281
2013-12-01T23:09:59.965Z,-2.088,10.1705,230.5551,0.0435,-0.2031,8.1893,15.9294,229.8944,0.07,0.5141,12.4746,17.1581,231.0239,0.0705,0.7267
2013-12-01T23:10:59.137Z,-2.8162,11.4999,231.6259,0.0504,-0.2453,8.2464,15.9876,229.4567,0.0701,0.5158,12.3992,17.1243,230.9223,0.0703,0.7248
2013-12-01T23:11:59.373Z,-2.9966,11.6641,231.4689,0.0504,-0.2557,8.1990,15.9018,228.8535,0.0699,0.5156,12.3687,17.1094,230.5834,0.0704,0.7229
2013-12-01T23:12:59.538Z,-2.8352,11.4674,231.6604,0.0498,-0.246,8.2358,15.93,228.2565,0.07,0.517,12.4377,17.1388,231.0128,0.0705,0.7256
2013-12-01T23:13:59.722Z,-2.9866,11.7109,233.6694,0.0497,-0.2545,8.4983,16.2244,230.2379,0.07,0.5238,12.5398,17.3144,233.1469,0.0704,0.7243
2013-12-01T23:14:59.875Z,-2.9046,11.6239,234.1651,0.05,-0.2484,8.5990,16.3915,230.7767,0.0704,0.5246,12.5077,17.3268,233.5185,0.0705,0.7213
2013-12-01T23:15:59.012Z,-2.7685,11.4968,234.5434,0.0492,-0.2402,8.6066,16.2912,230.7522,0.07,0.5283,12.5425,17.3933,234.3724,0.0708,0.7212
2013-12-01T23:16:59.396Z,-2.8499,11.5474,234.7634,0.0496,-0.2464,8.6804,16.2767,230.6763,0.07,0.5333,12.5501,17.361,234.1324,0.0704,0.7232
2013-12-01T23:17:59.498Z,-2.9299,11.6699,234.7344,0.0496,-0.2502,8.6180,16.3344,231.5518,0.07,0.5276,12.51,17.3866,234.12,0.0709,0.719
2013-12-01T23:18:59.646Z,-2.9302,11.7827,235.3968,0.0501,-0.2483,8.9766,16.7255,232.1359,0.0707,0.5367,12.6474,17.4183,234.9812,0.0703,0.7261
2013-12-01T23:19:59.825Z,-2.8721,11.5805,235.6207,0.0496,-0.2476,8.7805,16.4738,232.3359,0.0701,0.533,12.5359,17.4066,234.7621,0.0701,0.7203
2013-12-01T23:20:59.101Z,-2.8812,11.5999,234.6753,0.0496,-0.2475,8.6950,16.4802,232.4804,0.0702,0.5276,12.6151,17.4914,235.5296,0.0709,0.7214
2013-12-01T23:21:59.344Z,-2.7611,11.4666,235.2895,0.0491,-0.2397,8.7396,16.4401,232.6052,0.0699,0.5316,12.5238,17.3696,234.3278,0.0703,0.7211
2013-12-01T23:22:59.588Z,-2.7348,11.4533,235.1679,0.0489,-0.2374,8.5758,16.2328,231.6231,0.07,0.5283,12.442,17.2814,233.3434,0.0704,0.7202
2013-12-01T23:23:59.955Z,-2.8356,11.5038,235.2221,0.0489,-0.2454,8.5480,16.2232,232.0763,0.07,0.5269,12.4065,17.3929,233.5418,0.0709,0.7146
2013-12-01T23:24:59.158Z,-2.8194,11.4618,234.6827,0.049,-0.2451,8.6173,16.3454,232.0363,0.0704,0.5272,12.4606,17.3459,234.1483,0.0703,0.7184
2013-12-01T23:25:59.366Z,-2.762,11.6085,235.0151,0.0497,-0.238,8.5099,16.1724,231.7174,0.07,0.5262,12.5046,17.3898,234.6668,0.0704,0.7193
2013-12-01T23:26:59.623Z,-2.831,11.5753,235.0168,0.0495,-0.2432,8.5894,16.311,232.2231,0.0701,0.5266,12.4991,17.356,234.6117,0.0701,0.7205
2013-12-01T23:27:59.794Z,-2.753,11.3499,233.4444,0.0494,-0.242,8.2368,16.0562,232.1922,0.0695,0.513,12.5176,17.4222,235.1504,0.0703,0.7183
2013-12-01T23:28:59.030Z,-2.7145,11.3676,233.0781,0.0489,-0.2371,8.1809,16.0128,232.5535,0.0696,0.5109,12.4615,17.4958,235.1866,0.0708,0.7131
2013-12-01T23:29:59.342Z,-2.913,11.6239,235.5799,0.0494,-0.25,8.5721,16.306,232.5419,0.07,0.5257,12.4518,17.3387,234.118,0.0705,0.718
2013-12-01T23:30:59.598Z,-2.8567,11.6063,235.8685,0.049,-0.2448,8.6278,16.3715,233.0323,0.0701,0.527,12.4804,17.3852,234.6115,0.0707,0.7174
2013-12-01T23:31:59.748Z,-2.5196,11.0981,235.1713,0.0468,-0.2241,8.6378,16.3811,233.0737,0.0699,0.5273,12.4769,17.3334,234.3409,0.0704,0.7201
2013-12-01T23:32:59.990Z,-2.4915,11.0484,232.3335,0.0478,-0.2232,8.0054,15.7216,230.4908,0.0697,0.5092,12.3899,17.2059,232.4389,0.0703,0.7199
2013-12-01T23:33:59.472Z,-2.7992,11.6398,232.8679,0.0503,-0.2399,8.0601,15.7209,230.0927,0.0698,0.5127,12.3667,17.2065,232.5246,0.0702,0.7184
2013-12-01T23:34:59.847Z,-3.0618,11.9302,232.5488,0.0516,-0.2551,7.9766,15.6957,229.9644,0.0695,0.5082,12.4293,17.2318,232.3699,0.0707,0.7213
2013-12-01T23:35:59.102Z,-3.1287,11.8733,232.6309,0.0509,-0.2626,8.2836,16.0941,229.6849,0.07,0.5147,12.5381,17.3444,233.8398,0.0703,0.7232
2013-12-01T23:36:59.411Z,-2.6768,11.3233,232.8361,0.0487,-0.2332,8.3811,16.2772,231.1132,0.07,0.5149,12.5703,17.4847,234.0959,0.0714,0.72
2013-12-01T23:37:59.908Z,-2.1456,10.5028,232.9998,0.0455,-0.2033,8.5254,16.3573,230.5916,0.07,0.5212,12.562,17.3784,234.0278,0.0703,0.7229
2013-12-01T23:38:59.132Z,-2.0845,10.4461,232.4711,0.0448,-0.1987,8.4834,16.3615,230.6813,0.0705,0.5185,12.5302,17.3261,233.1988,0.0708,0.7231
2013-12-01T23:39:59.374Z,-2.0945,10.4467,232.0864,0.045,-0.2002,8.2884,16.1064,230.234,0.0698,0.5146,12.4856,17.2636,232.6216,0.0707,0.7232
2013-12-01T23:40:59.707Z,-3.0732,11.8186,232.8286,0.0503,-0.2589,8.3728,16.1543,230.1504,0.07,0.5183,12.4791,17.2281,232.31,0.0705,0.724
2013-12-01T23:41:59.920Z,-3.1894,12.0028,233.4609,0.0503,-0.2645,8.3698,16.1547,230.1188,0.07,0.5181,12.4081,17.1036,230.5484,0.0707,0.726
2013-12-01T23:42:59.184Z,-3.0288,11.86,233.8128,0.0505,-0.2537,8.3886,16.1072,229.9713,0.07,0.5208,12.3736,17.1268,231.0049,0.0705,0.7225
2013-12-01T23:43:59.384Z,-3.098,11.8661,233.8833,0.0501,-0.2591,8.3284,16.0718,230.0931,0.0701,0.5182,12.4022,17.1821,230.5837,0.0706,0.7222
2013-12-01T23:44:59.789Z,-3.0532,11.7602,233.8793,0.0501,-0.2585,8.4524,16.2296,231.1228,0.07,0.5208,12.4551,17.1815,231.4932,0.0706,0.7255
2013-12-01T23:45:59.903Z,-3.0991,11.8754,234.1827,0.0505,-0.2602,8.5416,16.3164,231.011,0.0701,0.5235,12.4289,17.1524,231.7065,0.0701,0.7249
2013-12-01T23:46:59.218Z,-3.0039,11.8133,234.26,0.05,-0.2532,8.5770,16.3309,230.3703,0.0702,0.5252,12.4667,17.2098,231.9852,0.0704,0.7245
2013-12-01T23:47:59.449Z,-3.1981,12.153,234.0855,0.0513,-0.2627,8.6427,16.3874,229.7577,0.0701,0.5274,12.479,17.2909,233.0603,0.0709,0.7217
2013-12-01T23:48:59.755Z,-2.9134,11.6524,234.1366,0.0496,-0.2475,8.5788,16.3749,230.5585,0.0702,0.5239,12.4982,17.2811,233.1005,0.0706,0.7232
2013-12-01T23:49:59.212Z,-2.7239,11.441,234.2326,0.0491,-0.2359,8.5150,16.3028,230.3924,0.07,0.5223,12.5128,17.2815,233.1342,0.0704,0.7234
2013-12-01T23:50:59.439Z,-3.0838,11.8699,234.2932,0.0503,-0.2589,8.5583,16.367,230.3583,0.07,0.5229,12.5326,17.2698,232.7202,0.0706,0.7256
2013-12-01T23:51:59.594Z,-3.0359,11.8037,234.0398,0.0504,-0.2565,8.4353,16.2812,230.0501,0.07,0.5181,12.4334,17.2422,232.4913,0.0707,0.7212
2013-12-01T23:52:59.767Z,-3.0653,11.8766,233.7685,0.0509,-0.2572,8.4556,16.4059,230.0789,0.0704,0.5154,12.4954,17.342,233.9288,0.0705,0.721
2013-12-01T23:53:59.987Z,-3.0427,11.8993,234.0573,0.0509,-0.2553,8.4869,16.3116,229.8666,0.0702,0.5203,12.5403,17.3486,234.073,0.0702,0.7227
2013-12-01T23:54:59.124Z,-3.1084,11.9154,233.6936,0.0509,-0.2595,8.3924,16.1673,229.6197,0.0701,0.5191,12.4885,17.243,232.728,0.0701,0.7241
2013-12-01T23:55:59.305Z,-3.0405,11.7974,233.6356,0.0502,-0.2574,8.4240,16.2562,230.3746,0.0702,0.5182,12.4215,17.1532,231.2282,0.0702,0.7243
2013-12-01T23:56:59.429Z,-3.1288,11.903,233.5266,0.0505,-0.2614,8.4755,16.3872,229.8263,0.0705,0.5172,12.4956,17.2077,231.7252,0.0703,0.7261
2013-12-01T23:57:59.625Z,-3.0395,11.7735,233.1233,0.0499,-0.2577,8.3383,16.2193,229.7951,0.07,0.5141,12.4172,17.2266,232.0343,0.0707,0.7207
2013-12-01T23:58:59.144Z,-3.0091,11.8397,233.7885,0.0504,-0.2534,8.4696,16.2471,230.5845,0.07,0.5213,12.4587,17.251,232.5219,0.0708,0.7223
2013-12-01T23:59:59.427Z,-2.7144,11.4195,233.8616,0.0486,-0.236,8.5105,16.2973,230.0078,0.0701,0.5222,12.5395,17.4021,234.4187,0.0709,0.72
