2013-11-21T15:45:59.091Z,192.83,96.185,8.7513,1.3888,0.1238,12.4108,97.34,8.8962,1.3825,0.1275,98.9125,98.6375,8.9287,1.4012,0.135
2013-11-21T15:46:59.432Z,0,0,0.008,0.003,-0.001,0.0000,0,0.086,0,0.007,0,0,0.043,0.03,-0.006
2013-11-21T15:47:59.749Z,0,0,0.006,0.004,0.001,0.0000,0,0.083,0,0,0,0,0.043,0.03,0.002
2013-11-21T15:48:59.015Z,0,0,0.005,0.002,0.002,0.0000,0,0.084,0,0,0,0,0.043,0.029,0.001
2013-11-21T15:49:59.431Z,0,0,0.013,0.001,0,0.0000,0,0.087,0,0.002,0,0,0.044,0.03,-0.006
2013-11-21T15:50:59.712Z,0,0.002,0.004,0.217,0,0.0000,0,0.085,0,0.002,0,0,0.045,0.03,-0.011
2013-11-21T15:51:59.018Z,0,0.073,0.008,8.213,-0.001,-0.0031,0.51,0.083,6.028,-0.006,0,0.294,0.047,6.466,0.002
2013-11-21T15:52:59.241Z,0,0.06,0.006,8.956,0.003,0.0031,0.524,0.087,6.084,0.006,0,0.288,0.044,6.679,0.002
2013-11-21T15:53:59.568Z,0,0.086,0.009,8.848,0.003,0.0037,0.535,0.087,6.157,0.007,-0.004,0.276,0.04,6.826,-0.014
2013-11-21T15:54:59.933Z,0,0.055,0.005,8.908,0.001,-0.0022,0.538,0.089,6.166,-0.004,0.003,0.293,0.045,6.745,0.011
2013-11-21T15:55:59.365Z,0,0.076,0.008,8.97,-0.002,0.0028,0.556,0.089,6.194,0.005,0.001,0.292,0.044,6.667,0.006
2013-11-21T15:56:59.840Z,0,0.049,0.005,8.982,0,0.0011,0.536,0.085,6.189,0.002,-0.001,0.289,0.043,6.665,-0.003
2013-11-21T15:57:59.141Z,0,0.054,0.006,9.037,0.003,0.0000,0.524,0.083,6.193,0,0.002,0.28,0.045,6.638,0.004
2013-11-21T15:58:59.454Z,0,0.117,0.013,9.102,-0.003,0.0077,0.516,0.084,6.124,0.015,-0.002,0.278,0.04,6.713,-0.003
2013-11-21T15:59:59.863Z,0,0.069,0.007,9.068,0.004,0.0032,0.525,0.086,6.178,0.006,-0.001,0.295,0.045,6.776,-0.002
2013-11-21T16:00:59.078Z,0,0.086,0.01,9.036,0.006,0.0021,0.517,0.083,6.222,0.004,-0.001,0.305,0.046,6.79,-0.001
2013-11-21T16:01:59.370Z,0,0.104,0.01,9.024,-0.002,0.0005,0.519,0.083,6.23,0.001,0.002,0.305,0.045,6.819,0.002
2013-11-21T16:02:59.745Z,0,0.069,0.007,9.038,-0.002,0.0005,0.53,0.086,6.185,0.001,0,0.277,0.039,6.896,-0.008
2013-11-21T16:03:59.963Z,0,0.093,0.009,9.068,-0.002,0.0011,0.532,0.086,6.217,0.002,-0.001,0.292,0.043,6.854,0.001
2013-11-21T16:04:59.245Z,0,0.033,0.003,9.094,0.001,-0.0011,0.537,0.085,6.299,-0.002,0.003,0.266,0.041,6.75,0.007
2013-11-21T16:05:59.671Z,0,0.054,0.006,9.121,0.004,0.0027,0.546,0.088,6.346,0.005,0.002,0.278,0.044,6.603,0.006
2013-11-21T16:06:59.096Z,0,0.049,0.005,9.028,0.001,0.0000,0.533,0.083,6.345,0,0.005,0.293,0.044,6.678,0.016
2013-11-21T16:07:59.369Z,0,0.112,0.012,9.024,0.003,0.0028,0.561,0.089,6.35,0.005,-0.001,0.304,0.047,6.672,-0.005
2013-11-21T16:08:59.681Z,0,0.066,0.006,8.995,0.003,0.0026,0.529,0.083,6.289,0.005,0.003,0.315,0.048,6.74,0.006
2013-11-21T16:09:59.205Z,0,0.064,0.006,8.956,-0.001,0.0016,0.529,0.084,6.223,0.003,-0.001,0.269,0.04,6.835,0.003
2013-11-21T16:10:59.655Z,0,0.0973,0.01,8.9773,0.0009,0.0010,0.5345,0.0873,6.1518,0.0018,-0.0018,0.3036,0.0436,6.8836,-0.0055
2013-11-21T16:11:59.976Z,0,0.049,0.005,8.92,0,0.0000,0.514,0.084,6.141,0,0,0.273,0.04,6.939,0.003
2013-11-21T16:12:59.348Z,0,0.081,0.009,8.891,-0.003,-0.0010,0.52,0.084,6.234,-0.002,-0.001,0.301,0.043,6.93,0.001
2013-11-21T16:13:59.617Z,0,0.057,0.006,8.864,0.001,0.0032,0.527,0.083,6.313,0.006,0.001,0.301,0.044,6.921,0
2013-11-21T16:14:59.036Z,0,0.065,0.007,8.886,0,0.0000,0.549,0.086,6.34,0,0.001,0.278,0.042,6.916,-0.001
2013-11-21T16:15:59.393Z,0,0.065,0.007,8.985,-0.001,0.0006,0.567,0.089,6.374,0.001,0.002,0.271,0.04,6.855,0.013
2013-11-21T16:16:59.730Z,0,0.093,0.009,8.996,-0.002,0.0049,0.544,0.084,6.4,0.009,0,0.288,0.043,6.86,-0.001
2013-11-21T16:17:59.075Z,0,0.087,0.009,9.042,0.002,0.0016,0.542,0.085,6.416,0.003,0.003,0.306,0.045,6.849,0.012
2013-11-21T16:18:59.427Z,0,0.049,0.005,9.028,-0.001,0.0078,0.554,0.087,6.403,0.014,-0.003,0.282,0.042,6.904,-0.009
2013-11-21T16:19:59.799Z,0,0.092,0.01,9.006,0.003,0.0005,0.544,0.086,6.347,0.001,-0.001,0.266,0.038,7.004,0.004
2013-11-21T16:20:59.062Z,0,0.033,0.003,9.073,0.001,0.0016,0.541,0.085,6.366,0.003,0.003,0.304,0.044,6.983,0.012
2013-11-21T16:21:59.339Z,0,0.053,0.005,9.096,0.001,0.0038,0.536,0.084,6.343,0.007,0.002,0.314,0.045,7.032,0.001
2013-11-21T16:22:59.665Z,0,0.077,0.007,9.118,-0.001,0.0034,0.569,0.091,6.377,0.006,0.002,0.316,0.045,7.028,0.01
2013-11-21T16:23:59.014Z,0,0.066,0.007,9.174,0.002,0.0050,0.551,0.086,6.377,0.009,-0.001,0.282,0.041,7.025,-0.004
2013-11-21T16:24:59.365Z,0,0.087,0.009,9.135,-0.004,0.0000,0.551,0.085,6.473,0,-0.001,0.266,0.039,6.983,-0.01
2013-11-21T16:25:59.783Z,0,0.076,0.008,9.155,0,0.0045,0.558,0.086,6.538,0.008,0,0.293,0.043,6.897,-0.003
2013-11-21T16:26:59.073Z,0,0.049,0.005,9.138,0.001,0.0000,0.572,0.088,6.55,0,0,0.255,0.037,6.88,0.002
2013-11-21T16:27:59.404Z,0,0.055,0.005,9.149,0.001,0.0042,0.594,0.091,6.595,0.007,0.002,0.283,0.042,6.834,0.007
2013-11-21T16:28:59.709Z,0,0.128,0.014,9.127,-0.005,0.0028,0.556,0.083,6.651,0.005,-0.001,0.275,0.042,6.844,0.004
2013-11-21T16:29:59.026Z,0,0.074,0.008,9.057,-0.005,0.0000,0.572,0.085,6.703,0,0.001,0.284,0.042,6.947,-0.001
2013-11-21T16:30:59.471Z,0,0.0545,0.0055,9.0964,-0.0018,0.0005,0.6045,0.09,6.6964,0.0009,0,0.2945,0.0409,7.0145,0.0027
2013-11-21T16:31:59.869Z,0,0.103,0.011,9.126,0.002,-0.0012,0.58,0.087,6.706,-0.002,0,0.284,0.041,7.034,-0.004
2013-11-21T16:32:59.215Z,0,0.06,0.006,9.048,0.001,0.0059,0.594,0.088,6.735,0.01,0,0.276,0.04,7.085,-0.005
2013-11-21T16:33:59.556Z,0,0.083,0.009,9.22,0.001,0.0000,0.573,0.085,6.675,0,0.001,0.306,0.043,7.007,0.004
2013-11-21T16:34:59.816Z,0,0.069,0.007,9.144,-0.003,0.0006,0.598,0.089,6.785,0.001,-0.001,0.298,0.042,6.978,-0.005
2013-11-21T16:35:59.160Z,0,0.097,0.01,9.325,0,0.0017,0.578,0.086,6.813,0.003,0.001,0.287,0.043,6.832,-0.001
2013-11-21T16:36:59.496Z,0,0.068,0.006,9.344,0,0.0047,0.589,0.088,6.805,0.008,-0.001,0.299,0.044,6.842,-0.004
2013-11-21T16:37:59.858Z,0,0.0945,0.0082,9.3836,-0.0018,0.0056,0.6173,0.09,6.7864,0.0091,-0.0018,0.2755,0.0418,6.8545,-0.0036
2013-11-21T16:38:59.190Z,0,0.106,0.01,9.364,0.005,0.0023,0.586,0.086,6.753,0.004,-0.001,0.277,0.041,6.947,-0.001
2013-11-21T16:39:59.443Z,0,0.097,0.01,9.251,0.007,0.0035,0.576,0.087,6.724,0.006,0,0.302,0.045,7.087,0
2013-11-21T16:40:59.856Z,0,0.089,0.008,9.326,-0.002,0.0006,0.582,0.088,6.709,0.001,-0.001,0.305,0.043,7.054,-0.004
2013-11-21T16:41:59.163Z,0,0.081,0.009,9.353,-0.002,0.0000,0.561,0.085,6.651,0,0.001,0.287,0.042,7.104,0.004
2013-11-21T16:42:59.587Z,0,0.138,0.014,9.36,-0.002,0.0023,0.563,0.086,6.631,0.004,0.001,0.288,0.041,7.125,0.003
2013-11-21T16:43:59.113Z,0,0.083,0.009,9.358,0.002,0.0035,0.589,0.09,6.639,0.006,0,0.292,0.041,7.119,-0.003
2013-11-21T16:44:59.513Z,0,0.105,0.01,9.347,0,0.0006,0.587,0.088,6.711,0.001,-0.001,0.312,0.045,7.09,-0.003
2013-11-21T16:45:59.010Z,0,0.06,0.005,9.404,-0.005,0.0006,0.581,0.085,6.767,0.001,-0.001,0.252,0.035,7.053,-0.007
2013-11-21T16:46:59.501Z,0,0.073,0.007,9.439,0,0.0006,0.577,0.085,6.765,0.001,-0.001,0.335,0.048,7.118,-0.003
2013-11-21T16:47:59.753Z,0,0.073,0.007,9.394,-0.003,0.0035,0.576,0.085,6.841,0.006,0,0.304,0.043,7.119,-0.003
2013-11-21T16:48:59.036Z,0,0.052,0.006,9.401,-0.003,-0.0049,0.608,0.089,6.856,-0.008,0.001,0.307,0.043,7.136,0.002
2013-11-21T16:49:59.321Z,0,0.088,0.009,9.343,0.004,0.0023,0.572,0.084,6.771,0.004,-0.001,0.285,0.04,7.301,-0.002
2013-11-21T16:50:59.746Z,0,0.0373,0.0036,9.41,-0.0009,0.0031,0.5636,0.0845,6.6391,0.0055,0,0.3264,0.0455,7.3736,0.0009
2013-11-21T16:51:59.139Z,0,0.065,0.006,9.456,-0.001,0.0023,0.569,0.086,6.646,0.004,-0.001,0.324,0.044,7.394,-0.007
2013-11-21T16:52:59.524Z,0,0.09,0.009,9.447,0,0.0000,0.598,0.09,6.696,0,0,0.288,0.04,7.387,-0.001
2013-11-21T16:53:59.848Z,0,0.11,0.01,9.5,0,-0.0006,0.578,0.086,6.656,-0.001,-0.001,0.321,0.045,7.391,-0.003
2013-11-21T16:54:59.213Z,0,0.097,0.01,9.554,-0.005,0.0017,0.582,0.088,6.615,0.003,0.002,0.304,0.042,7.352,0.005
2013-11-21T16:55:59.527Z,0,0.065,0.006,9.541,0.002,0.0028,0.57,0.086,6.671,0.005,-0.001,0.294,0.04,7.334,-0.003
2013-11-21T16:56:59.802Z,0,0.11,0.01,9.521,0.001,0.0017,0.568,0.084,6.745,0.003,0,0.309,0.042,7.321,-0.003
2013-11-21T16:57:59.175Z,0,0.048,0.004,9.544,-0.006,0.0035,0.578,0.085,6.798,0.006,-0.001,0.333,0.046,7.313,-0.002
2013-11-21T16:58:59.520Z,0,0.07,0.007,9.538,0,0.0012,0.6,0.087,6.838,0.002,0,0.28,0.04,7.298,0
2013-11-21T16:59:59.856Z,0,0.058,0.006,9.572,0.001,0.0051,0.57,0.083,6.814,0.009,0.001,0.311,0.043,7.303,0.006
2013-11-21T17:00:59.172Z,0,0.0327,0.0027,9.5682,-0.0009,0.0048,0.5891,0.0864,6.83,0.0082,0,0.3018,0.0409,7.2782,0.0064
2013-11-21T17:01:59.689Z,0,0.118,0.011,9.599,0.003,0.0000,0.584,0.084,6.835,0,0,0.313,0.043,7.282,0.002
2013-11-21T17:02:59.178Z,0,0.089,0.008,9.558,-0.002,0.0018,0.601,0.089,6.855,0.003,0.001,0.322,0.045,7.283,-0.002
2013-11-21T17:03:59.586Z,0,0.12,0.012,9.536,-0.001,0.0018,0.6,0.09,6.857,0.003,-0.002,0.309,0.042,7.334,-0.003
2013-11-21T17:04:59.147Z,0,0.115,0.011,9.508,0.001,0.0071,0.593,0.086,6.845,0.012,0.001,0.298,0.04,7.382,0.004
2013-11-21T17:05:59.543Z,0,0.0682,0.0064,9.5282,0,0.0000,0.6273,0.0936,6.7027,0,-0.0036,0.3245,0.0436,7.48,-0.0118
2013-11-21T17:06:59.804Z,0,0.074,0.007,9.564,0,0.0022,0.555,0.083,6.688,0.004,0,0.345,0.047,7.468,-0.001
2013-11-21T17:07:59.166Z,0,0.077,0.007,9.544,-0.001,0.0064,0.586,0.088,6.698,0.011,-0.001,0.321,0.044,7.466,0.002
2013-11-21T17:08:59.500Z,0,0.094,0.009,9.526,0.002,0.0000,0.546,0.083,6.657,0,0,0.309,0.043,7.514,-0.001
2013-11-21T17:09:59.887Z,0,0.077,0.007,9.434,-0.002,0.0017,0.553,0.084,6.673,0.003,0.002,0.329,0.043,7.624,0.005
2013-11-21T17:10:59.268Z,0,0.072,0.006,9.368,0.001,0.0030,0.601,0.09,6.714,0.005,0.002,0.344,0.045,7.652,0.004
2013-11-21T17:11:59.516Z,0,0.048,0.004,9.351,-0.001,0.0017,0.569,0.086,6.704,0.003,0.002,0.323,0.043,7.665,0.004
2013-11-21T17:12:59.866Z,0,0.08,0.007,9.384,0.002,0.0029,0.573,0.085,6.703,0.005,-0.002,0.336,0.045,7.634,-0.003
2013-11-21T17:13:59.109Z,0,0.068,0.006,9.324,0,0.0028,0.569,0.085,6.726,0.005,0.002,0.337,0.044,7.635,0.009
2013-11-21T17:14:59.443Z,0,0.098,0.009,9.471,0.001,0.0045,0.564,0.085,6.739,0.008,0.003,0.331,0.044,7.451,0.009
2013-11-21T17:15:59.715Z,0,0.07,0.007,9.594,-0.004,0.0035,0.581,0.086,6.778,0.006,0.002,0.295,0.039,7.298,0.009
2013-11-21T17:16:59.133Z,0,0.086,0.008,9.526,0,0.0035,0.58,0.084,6.792,0.006,0.002,0.295,0.042,7.353,0.001
2013-11-21T17:17:59.496Z,0,0.07,0.007,9.371,-0.001,0.0074,0.614,0.091,6.832,0.012,0.004,0.322,0.043,7.451,0.008
2013-11-21T17:18:59.938Z,0,0.091,0.009,9.634,0.001,0.0017,0.575,0.085,6.687,0.003,0.001,0.303,0.041,7.363,0.009
2013-11-21T17:19:59.352Z,0,0.089,0.008,9.66,-0.002,-0.0012,0.584,0.086,6.723,-0.002,-0.002,0.295,0.041,7.315,-0.005
2013-11-21T17:20:59.832Z,0,0.07,0.007,9.649,-0.001,0.0076,0.585,0.087,6.685,0.013,0.002,0.315,0.043,7.34,0.004
2013-11-21T17:21:59.188Z,0,0.065,0.006,9.65,0,0.0011,0.558,0.084,6.627,0.002,0.001,0.321,0.043,7.393,0.005
2013-11-21T17:22:59.502Z,0,0.09,0.008,9.732,-0.001,0.0006,0.561,0.086,6.577,0.001,-0.005,0.3,0.04,7.39,-0.012
2013-11-21T17:23:59.005Z,0,0.094,0.009,9.646,-0.003,0.0028,0.559,0.083,6.659,0.005,-0.003,0.313,0.043,7.392,-0.011
2013-11-21T17:24:59.424Z,0,0.053,0.005,9.677,0,0.0044,0.544,0.081,6.738,0.008,0.002,0.298,0.042,7.278,0.008
2013-11-21T17:25:59.967Z,0,0.0436,0.0036,9.6591,0,0.0005,0.5782,0.0845,6.7555,0.0009,-0.0009,0.3009,0.0418,7.3045,-0.0018
2013-11-21T17:26:59.227Z,0,0.06,0.0056,9.5644,-0.0011,0.0051,0.5711,0.0867,6.7178,0.0089,0.0011,0.2944,0.0411,7.3689,0.0033
2013-11-21T17:27:59.461Z,0,0.0627,0.0055,9.6282,0.0027,-0.0025,0.5564,0.0827,6.7173,-0.0045,0.0009,0.3018,0.0427,7.2809,0.0036
2013-11-21T17:28:59.887Z,0,0.111,0.011,9.583,0.002,0.0031,0.617,0.093,6.761,0.005,0.001,0.304,0.042,7.318,0.001
2013-11-21T17:29:59.085Z,0,0.074,0.007,9.478,0.002,0.0042,0.599,0.087,6.828,0.007,-0.002,0.289,0.039,7.335,-0.001
2013-11-21T17:30:59.534Z,0,0.067,0.007,9.484,0.001,0.0012,0.588,0.086,6.834,0.002,-0.001,0.287,0.039,7.313,-0.002
2013-11-21T17:31:59.798Z,0,0.122,0.011,9.527,-0.001,0.0074,0.569,0.083,6.847,0.013,0.001,0.31,0.044,7.257,0.002
2013-11-21T17:32:59.266Z,0,0.07,0.007,9.581,0.001,0.0051,0.569,0.084,6.693,0.009,-0.002,0.312,0.043,7.341,-0.001
2013-11-21T17:33:59.594Z,0,0.036,0.003,9.587,-0.002,0.0035,0.581,0.09,6.645,0.006,0.001,0.312,0.042,7.387,0.002
2013-11-21T17:34:59.084Z,0,0.108,0.011,9.554,0.004,0.0057,0.575,0.086,6.68,0.01,-0.001,0.299,0.04,7.406,-0.002
2013-11-21T17:35:59.441Z,0,0.089,0.008,9.486,-0.002,0.0035,0.577,0.086,6.704,0.006,0.004,0.307,0.042,7.404,0.011
2013-11-21T17:36:59.716Z,0,0.065,0.007,9.467,-0.002,0.0023,0.583,0.088,6.683,0.004,0.005,0.335,0.044,7.449,0.015
2013-11-21T17:37:59.047Z,0,0.065,0.006,9.536,-0.004,0.0034,0.57,0.087,6.647,0.006,0.001,0.305,0.042,7.423,0.001
2013-11-21T17:38:59.592Z,0,0.058,0.006,9.56,0.002,0.0000,0.555,0.085,6.612,0,0.001,0.31,0.042,7.437,0.005
2013-11-21T17:39:59.825Z,0,0.058,0.006,9.563,-0.002,0.0058,0.579,0.088,6.61,0.01,-0.001,0.304,0.041,7.448,-0.003
2013-11-21T17:41:59.662Z,173.332,222.894,16.752,8.868,163.202,35.4263,201.286,17.092,6.728,0.176,163.276,194.276,14.458,7.132,0.158
2013-11-21T17:43:59.151Z,198.6625,260.885,17.7025,10.865,0.185,50.8673,233.8725,17.9975,8.2025,0.2175,204.0625,243.35,18.0775,8.915,0.2125
2013-11-21T17:50:59.530Z,1092.9775,129.705,8.8613,9.8638,0.0925,12.3494,117.6138,9.0362,6.7062,0.105,101.1913,121.4575,9.05,7.245,0.0962
2013-11-21T17:51:59.905Z,0,0.084,0.007,9.48,-0.002,0.0006,0.602,0.09,6.71,0.001,0.001,0.337,0.046,7.46,0.004
2013-11-21T17:52:59.098Z,0,0.06,0.005,9.466,0.003,0.0012,0.581,0.087,6.718,0.002,0.001,0.317,0.043,7.507,0.001
2013-11-21T17:53:59.029Z,0,0.105,0.01,9.411,0.001,0.0029,0.579,0.087,6.705,0.005,0,0.288,0.039,7.543,-0.002
2013-11-21T17:54:59.275Z,0,0.072,0.006,9.404,0.004,0.0006,0.56,0.084,6.719,0.001,0.003,0.332,0.044,7.531,0.003
2013-11-21T17:55:59.543Z,0,0.065,0.006,9.387,-0.001,0.0044,0.556,0.082,6.748,0.008,0,0.307,0.043,7.486,-0.004
2013-11-21T17:56:59.802Z,0,0.083,0.009,9.402,0,-0.0006,0.569,0.084,6.75,-0.001,0,0.32,0.044,7.473,0.002
2013-11-21T17:57:59.094Z,0,0.068,0.006,9.448,-0.001,0.0035,0.589,0.087,6.75,0.006,-0.001,0.293,0.04,7.464,0
2013-11-21T17:58:59.340Z,0,0.061,0.006,9.399,-0.003,0.0017,0.566,0.083,6.828,0.003,-0.001,0.334,0.044,7.431,-0.005
2013-11-21T17:59:59.653Z,0,0.082,0.008,9.167,0.004,0.0043,0.612,0.089,6.923,0.007,0.003,0.335,0.046,7.569,0.004
2013-11-21T18:00:59.897Z,0,0.055,0.005,9.032,0.003,0.0079,0.606,0.087,6.927,0.013,0,0.356,0.047,7.691,-0.001
2013-11-21T18:01:59.193Z,0,0.028,0.003,9.313,-0.001,0.0052,0.578,0.086,6.709,0.009,0,0.273,0.036,7.679,0.002
2013-11-21T18:02:59.428Z,0,0.064,0.006,9.329,0.004,-0.0012,0.599,0.089,6.784,-0.002,0.001,0.358,0.047,7.596,0.002
2013-11-21T18:03:59.706Z,0,0.086,0.008,9.331,0.002,0.0018,0.604,0.087,6.82,0.003,-0.002,0.295,0.04,7.506,-0.002
2013-11-21T18:04:59.031Z,0,0.048,0.004,9.384,0,0.0041,0.584,0.086,6.84,0.007,0,0.315,0.042,7.449,0.001
2013-11-21T18:05:59.337Z,0,0.012,0.001,9.438,0.001,0.0063,0.573,0.085,6.904,0.011,0.001,0.311,0.042,7.314,0.003
2013-11-21T18:06:59.558Z,0,0.0936,0.0091,9.49,0.0073,0.0000,0.5918,0.0864,6.9055,0,0.0027,0.2918,0.0391,7.2736,0.0045
2013-11-21T18:07:59.932Z,0,0.109,0.01,9.456,-0.004,0.0030,0.597,0.089,6.762,0.005,0.001,0.337,0.044,7.431,0.002
2013-11-21T18:08:59.210Z,0,0.077,0.007,9.547,0.002,0.0041,0.589,0.087,6.733,0.007,0.003,0.328,0.044,7.366,0.01
2013-11-21T18:09:59.582Z,0,0.099,0.009,9.503,0.002,-0.0016,0.546,0.082,6.789,-0.003,-0.001,0.29,0.039,7.36,-0.002
2013-11-21T18:10:59.948Z,0,0.087,0.009,9.532,0.003,0.0072,0.597,0.091,6.734,0.012,0.003,0.309,0.041,7.366,0.008
2013-11-21T18:11:59.187Z,0,0.075,0.008,9.477,0.005,-0.0012,0.591,0.087,6.727,-0.002,-0.003,0.324,0.044,7.444,-0.006
2013-11-21T18:12:59.595Z,0,0.099,0.01,9.483,0.004,0.0048,0.595,0.089,6.731,0.008,-0.005,0.316,0.043,7.428,-0.008
2013-11-21T18:13:59.980Z,0,0.036,0.003,9.507,0,0.0018,0.607,0.09,6.757,0.003,0.003,0.331,0.046,7.373,0.006
2013-11-21T18:14:59.369Z,0,0.069,0.006,9.53,0.006,0.0018,0.586,0.086,6.777,0.003,0.002,0.326,0.046,7.33,0.001
2013-11-21T18:15:59.653Z,0,0.053,0.005,9.555,0,0.0048,0.596,0.088,6.765,0.008,-0.001,0.308,0.042,7.309,-0.004
2013-11-21T18:17:59.330Z,0,0.0495,0.005,9.5485,-0.001,0.0028,0.5695,0.0845,6.758,0.005,0,0.3125,0.043,7.338,0.002
2013-11-21T18:18:59.585Z,0,0.099,0.01,9.491,0.002,0.0034,0.571,0.084,6.723,0.006,-0.003,0.302,0.041,7.437,-0.003
2013-11-21T18:19:59.928Z,0,0.065,0.006,9.509,0.001,0.0059,0.594,0.087,6.758,0.01,-0.001,0.304,0.042,7.381,-0.009
2013-11-21T18:20:59.187Z,0,0.063,0.007,9.541,0.002,0.0029,0.571,0.086,6.684,0.005,0.001,0.319,0.044,7.406,0.003
2013-11-21T18:21:59.531Z,0,0.048,0.004,9.536,0,0.0023,0.579,0.086,6.708,0.004,-0.001,0.324,0.043,7.41,-0.003
2013-11-21T18:22:59.805Z,0,0.0864,0.0091,9.4327,0.0018,0.0058,0.5845,0.0873,6.6427,0.01,0.0027,0.3173,0.0418,7.43,0.0064
2013-11-21T18:24:59.274Z,0,0.0916,0.0084,9.4137,-0.0026,0.0036,0.5653,0.0863,6.5263,0.0063,0.0016,0.2889,0.04,7.3942,0.0079
2013-11-21T18:25:59.557Z,0,0.09,0.009,9.414,-0.002,-0.0011,0.573,0.09,6.439,-0.002,0,0.331,0.045,7.46,0.003
2013-11-21T18:26:59.921Z,0,0.0573,0.0064,9.4082,0,-0.0015,0.5564,0.0864,6.5,-0.0027,0.0045,0.3345,0.0436,7.4509,0.01
2013-11-21T18:27:59.325Z,0,0.053,0.005,9.504,-0.001,0.0022,0.562,0.086,6.558,0.004,0.001,0.307,0.042,7.342,0.002
2013-11-21T18:28:59.636Z,0,0.074,0.007,9.459,0,0.0042,0.594,0.089,6.594,0.007,0,0.344,0.047,7.371,0.001
2013-11-21T18:29:59.123Z,0,0.048,0.004,9.46,0.001,0.0006,0.581,0.085,6.665,0.001,0.002,0.303,0.042,7.309,0.002
2013-11-21T18:30:59.426Z,0,0.062,0.006,9.552,0.001,0.0028,0.559,0.085,6.539,0.005,0.005,0.314,0.043,7.385,0.014
2013-11-21T18:31:59.703Z,0,0.069,0.006,9.578,0.005,0.0039,0.562,0.086,6.519,0.007,0.003,0.313,0.044,7.373,0.005
2013-11-21T18:32:59.198Z,0,0.024,0.002,9.521,-0.003,0.0030,0.601,0.092,6.57,0.005,0.001,0.301,0.041,7.405,0.007
2013-11-21T18:33:59.573Z,0,0.058,0.006,9.547,0,0.0039,0.556,0.086,6.568,0.007,0,0.29,0.04,7.373,0.004
2013-11-21T18:34:59.048Z,0,0.103,0.01,9.576,-0.002,0.0000,0.567,0.086,6.521,0,0,0.289,0.039,7.379,-0.001
2013-11-21T18:35:59.423Z,0,0.055,0.005,9.584,0,-0.0011,0.569,0.088,6.45,-0.002,0.001,0.304,0.041,7.45,0.004
2013-11-21T18:36:59.981Z,0,0.07,0.0073,9.5836,-0.0009,0.0057,0.5745,0.0882,6.5091,0.01,0.0018,0.3045,0.04,7.4109,0.0073
2013-11-21T18:37:59.276Z,0,0.0778,0.0078,9.55,-0.0011,0.0000,0.55,0.0867,6.5167,0,0.0022,0.3211,0.0433,7.4089,0.0089
2013-11-21T18:38:59.477Z,0,0.0655,0.0055,9.6355,0,0.0025,0.5655,0.0827,6.7,0.0045,0.0009,0.2845,0.0418,7.1509,0.0036
2013-11-21T18:39:59.855Z,0,0.036,0.003,9.456,0.004,0.0023,0.57,0.084,6.631,0.004,0.002,0.345,0.049,7.394,0.005
2013-11-21T18:40:59.207Z,0,0.082,0.008,9.449,0.002,0.0000,0.55,0.083,6.597,0,0,0.309,0.042,7.411,0
2013-11-21T18:41:59.437Z,0,0.036,0.003,9.44,-0.003,0.0044,0.545,0.082,6.682,0.008,0.002,0.308,0.043,7.341,0.011
2013-11-21T18:42:59.765Z,0,0.093,0.009,9.384,0.004,0.0034,0.575,0.086,6.714,0.006,-0.001,0.288,0.04,7.346,-0.003
2013-11-21T18:43:59.032Z,0,0.086,0.009,9.232,-0.002,0.0012,0.578,0.086,6.732,0.002,0.002,0.298,0.039,7.477,0.011
2013-11-21T18:44:59.380Z,0,0.075,0.008,9.253,0,0.0049,0.549,0.083,6.739,0.009,-0.001,0.317,0.042,7.452,-0.007
2013-11-21T18:45:59.591Z,0,0.065,0.006,9.337,0,0.0039,0.555,0.085,6.661,0.007,0.002,0.302,0.041,7.423,0.006
2013-11-21T18:46:59.899Z,0,0.089,0.008,9.4,-0.002,0.0017,0.576,0.087,6.66,0.003,0.001,0.336,0.045,7.364,0.004
2013-11-21T18:47:59.186Z,0,0.0764,0.0064,9.42,0,0.0059,0.5909,0.0882,6.6773,0.01,0.0036,0.3118,0.0427,7.3118,0.0082
2013-11-21T18:48:59.538Z,0,0.029,0.003,9.452,-0.002,0.0000,0.592,0.09,6.687,0,0.001,0.292,0.038,7.287,0.002
2013-11-21T18:49:59.836Z,0,0.082,0.008,9.439,0,0.0018,0.584,0.088,6.649,0.003,0,0.284,0.04,7.363,0.003
2013-11-21T18:50:59.214Z,0,0.053,0.005,9.486,0.001,0.0051,0.565,0.089,6.496,0.009,-0.002,0.306,0.042,7.456,-0.005
2013-11-21T18:51:59.632Z,0,0.053,0.005,9.485,-0.002,0.0051,0.564,0.086,6.559,0.009,0,0.308,0.042,7.405,-0.004
2013-11-21T18:52:59.204Z,0,0.077,0.008,9.418,-0.002,0.0011,0.566,0.085,6.716,0.002,-0.001,0.292,0.04,7.316,-0.002
2013-11-21T18:53:59.667Z,0,0.06,0.005,9.482,0.004,0.0052,0.576,0.086,6.744,0.009,0.002,0.295,0.043,7.241,0.009
2013-11-21T18:54:59.171Z,0,0.074,0.007,9.527,0.001,-0.0022,0.555,0.082,6.72,-0.004,0,0.298,0.041,7.235,-0.006
2013-11-21T18:55:59.593Z,0,0.086,0.008,9.479,0.002,0.0056,0.565,0.085,6.716,0.01,0.002,0.32,0.043,7.276,0.006
2013-11-21T18:56:59.945Z,0,0.07,0.007,9.477,-0.001,0.0040,0.567,0.083,6.663,0.007,0.002,0.273,0.035,7.33,0.005
2013-11-21T18:57:59.332Z,0,0.063,0.006,9.542,0.002,-0.0024,0.588,0.087,6.693,-0.004,0,0.31,0.043,7.255,0.001
2013-11-21T18:58:59.716Z,0,0.092,0.01,9.521,0.002,0.0011,0.546,0.081,6.738,0.002,0,0.297,0.042,7.21,0.001
2013-11-21T18:59:59.880Z,0,0.053,0.005,9.522,0,0.0017,0.561,0.083,6.741,0.003,0.001,0.28,0.039,7.186,0.002
2013-11-21T19:00:59.202Z,0,0.012,0.001,9.496,-0.003,0.0035,0.579,0.087,6.748,0.006,-0.001,0.316,0.045,7.245,0.004
2013-11-21T19:01:59.456Z,0,0.094,0.009,9.554,0.001,-0.0011,0.56,0.083,6.767,-0.002,0.001,0.279,0.04,7.16,0.002
2013-11-21T19:02:59.766Z,0,0.041,0.004,9.528,0.001,0.0035,0.584,0.086,6.736,0.006,-0.002,0.297,0.04,7.268,-0.004
2013-11-21T19:03:59.297Z,0,0.107,0.011,9.493,0.001,0.0041,0.588,0.09,6.705,0.007,0.001,0.305,0.041,7.345,0.001
2013-11-21T19:04:59.509Z,0,0.094,0.01,9.488,-0.001,0.0072,0.552,0.082,6.696,0.013,0.004,0.314,0.044,7.32,0.007
2013-11-21T19:05:59.870Z,0,0.0727,0.0064,9.4645,-0.0018,0.0000,0.6064,0.09,6.7082,0,0,0.3091,0.0427,7.32,0.0027
2013-11-21T19:06:59.103Z,0,0.0589,0.0056,9.4378,0.0022,0.0019,0.5678,0.0833,6.7144,0.0033,-0.0022,0.2967,0.04,7.3444,-0.0111
2013-11-21T19:07:59.544Z,0,0.0973,0.01,9.4455,0.0009,0.0010,0.5618,0.0836,6.7418,0.0018,-0.0009,0.2936,0.04,7.3082,-0.0036
2013-11-21T19:08:59.030Z,0,0.0533,0.0044,9.46,0.0011,0.0019,0.5622,0.0844,6.7033,0.0033,-0.0011,0.2744,0.0367,7.3378,-0.0089
2013-11-21T19:09:59.324Z,0,0.036,0.003,9.537,0.001,0.0017,0.554,0.082,6.709,0.003,0,0.291,0.039,7.258,-0.002
2013-11-21T19:10:59.652Z,0,0.127,0.012,9.535,-0.002,0.0038,0.538,0.081,6.7,0.007,-0.002,0.336,0.047,7.278,-0.004
2013-11-21T19:11:59.403Z,0,0.084,0.008,9.558,0.001,-0.0022,0.56,0.084,6.688,-0.004,-0.002,0.29,0.039,7.276,-0.002
2013-11-21T19:12:59.660Z,0,0.029,0.003,9.562,0.001,0.0028,0.561,0.083,6.676,0.005,-0.002,0.302,0.041,7.276,-0.003
2013-11-21T19:13:59.074Z,0,0.089,0.008,9.572,-0.001,0.0045,0.56,0.084,6.655,0.008,-0.002,0.316,0.044,7.295,-0.004
2013-11-21T19:14:59.763Z,0,0.075,0.008,9.573,0.003,0.0012,0.583,0.089,6.651,0.002,0.001,0.311,0.043,7.317,0.001
2013-11-21T19:15:59.138Z,0,0.075,0.008,9.559,0.002,0.0034,0.56,0.083,6.607,0.006,0,0.297,0.04,7.389,0.002
2013-11-21T19:16:59.524Z,0,0.065,0.006,9.513,0.001,0.0011,0.563,0.085,6.62,0.002,0.001,0.33,0.045,7.429,-0.003
2013-11-21T19:17:59.865Z,0,0.081,0.007,9.531,0,0.0017,0.579,0.085,6.653,0.003,-0.002,0.305,0.043,7.361,-0.003
2013-11-21T19:18:59.279Z,0,0.074,0.007,9.508,0,-0.0035,0.59,0.09,6.641,-0.006,0.001,0.302,0.042,7.409,0.001
2013-11-21T19:19:59.762Z,0,0.1091,0.0109,9.5627,-0.0036,0.0020,0.5645,0.0855,6.5673,0.0036,0.0018,0.2936,0.0409,7.4218,0.0036
2013-11-21T19:20:59.100Z,0,0.1211,0.0133,9.6033,-0.0022,0.0042,0.5411,0.0811,6.5322,0.0078,-0.0011,0.3044,0.04,7.4178,-0.0033
2013-11-21T19:21:59.501Z,0,0.0264,0.0027,9.5609,-0.0027,-0.0005,0.5545,0.0827,6.6073,-0.0009,0.0009,0.2991,0.0409,7.3855,-0.0009
2013-11-21T19:22:59.847Z,0,0.041,0.004,9.594,0.002,0.0028,0.553,0.084,6.61,0.005,0,0.291,0.041,7.339,0.001
2013-11-21T19:23:59.153Z,0,0.0911,0.0089,9.5611,0.0056,0.0012,0.5556,0.0844,6.6556,0.0022,0.0033,0.3156,0.0433,7.38,0.01
2013-11-21T19:24:59.367Z,0,0.0964,0.0091,9.5609,0,-0.0020,0.5673,0.0855,6.5873,-0.0036,0.0027,0.3327,0.0455,7.4418,0.0073
2013-11-21T19:25:59.779Z,0,0.061,0.006,9.479,0.001,0.0040,0.567,0.086,6.581,0.007,0,0.337,0.047,7.521,0.003
2013-11-21T19:26:59.194Z,0,0.048,0.004,9.345,-0.001,0.0038,0.548,0.081,6.661,0.007,0.001,0.348,0.046,7.522,0.002
2013-11-21T19:27:59.605Z,0,0.053,0.005,9.491,0.004,0.0056,0.565,0.086,6.586,0.01,0.001,0.341,0.045,7.466,0.004
2013-11-21T19:28:59.038Z,0,0.067,0.007,9.54,0.002,0.0017,0.55,0.082,6.607,0.003,0.002,0.311,0.042,7.383,0.008
2013-11-21T19:29:59.320Z,0,0.2518,0.0255,9.5991,-0.0009,0.0027,0.61,0.0927,6.5845,0.0045,0,0.3627,0.0509,7.3291,-0.0009
2013-11-21T19:30:59.748Z,-0.0015,0.2077,0.0208,9.61,-0.0054,0.0042,0.7723,0.1185,6.5931,0.0054,-0.0015,0.5077,0.0692,7.3369,-0.0038
2013-11-21T19:31:59.251Z,0,0.053,0.005,9.568,0.003,-0.0015,0.498,0.075,6.641,-0.003,0.001,0.26,0.036,7.325,0.003
2013-11-21T19:32:59.742Z,0,0.041,0.004,9.569,0.002,0.0022,0.547,0.082,6.621,0.004,-0.002,0.286,0.039,7.354,0
2013-11-21T19:33:59.185Z,0,0.029,0.003,9.559,0,0.0048,0.529,0.079,6.633,0.009,0.003,0.298,0.041,7.354,0.005
2013-11-21T20:27:59.580Z,0.42,0.7067,0.0867,8.5667,0.0033,0.0105,0.63,0.09,6.8633,0.0167,0.0067,0.4067,0.0533,4.94,0.0133
2013-11-21T20:40:59.232Z,64.3092,64.1233,5.8608,0.9183,0.0825,5.4648,64.9025,5.9558,0.9208,0.0842,66.85,66.6683,6.0158,0.9583,0.0792
2013-11-21T20:41:59.469Z,0,0,0.033,0.003,0,0.0000,0,0.085,0,0,0,0,0.059,0.04,-0.007
2013-11-21T20:42:59.722Z,0,0,0.0355,0.0036,0,0.0000,0,0.0909,0,-0.0027,0,0,0.0591,0.04,0.0127
2013-11-21T20:43:59.896Z,0,0,0.036,0.007,0,0.0000,0,0.085,0,0,0,0,0.055,0.04,-0.005
2013-11-21T20:44:59.190Z,0,0,0.032,0.003,0,0.0000,0,0.085,0,0,0,0,0.057,0.04,0.001
2013-11-21T20:45:59.440Z,0,0,0.036,0.002,0,0.0000,0,0.088,0,0.003,0,0,0.064,0.04,-0.018
2013-11-21T20:46:59.766Z,0,0,0.035,0.002,0,0.0000,0,0.083,0,0.002,0,0,0.061,0.04,-0.001
2013-11-21T20:47:59.019Z,0,0,0.035,0.004,0,0.0000,0,0.085,0,0.017,0,0,0.061,0.04,0.001
2013-11-21T20:48:59.212Z,0,0,0.038,0.005,0,0.0000,0,0.088,0,-0.001,0,0,0.058,0.04,-0.007
2013-11-21T20:49:59.503Z,0,0,0.033,0.002,0,0.0000,0,0.085,0,0,0,0,0.06,0.04,-0.002
2013-11-21T20:50:59.837Z,0,0,0.036,0,0.014,0.0000,0,0.088,0,0.005,0,0,0.06,0.04,-0.006
2013-11-21T20:51:59.083Z,0,0,0.032,0.002,0,0.0000,0,0.088,0,-0.003,0,0,0.056,0.04,-0.016
2013-11-21T20:52:59.385Z,0,0,0.04,0,0.002,0.0000,0,0.085,0,0.008,0,0,0.058,0.039,0.001
2013-11-21T20:53:59.549Z,0,0,0.038,0.005,0,0.0000,0,0.092,0,-0.004,0,0,0.062,0.039,0
2013-11-21T20:54:59.863Z,0,0,0.035,0.001,0,0.0000,0,0.084,0,-0.007,0,0,0.062,0.04,-0.002
2013-11-21T20:55:59.226Z,0,0,0.037,0.001,0,0.0000,0,0.091,0,0,0,0,0.061,0.04,-0.015
2013-11-21T20:56:59.426Z,0,0,0.036,0,0,0.0000,0,0.087,0,0.002,0,0,0.062,0.04,-0.003
2013-11-21T20:57:59.712Z,0,0,0.04,0,0,0.0000,0,0.0873,0,0.0018,0,0,0.0618,0.04,-0.0027
2013-11-21T20:58:59.042Z,0,0,0.041,0,0.001,0.0000,0,0.091,0.001,0,0,0,0.061,0.04,-0.005
2013-11-21T20:59:59.267Z,0,0,0.041,0.001,0,0.0000,0,0.089,0,-0.001,0,0,0.06,0.04,-0.004
2013-11-21T21:00:59.559Z,0,0,0.039,0.003,0,0.0000,0,0.088,0,-0.001,0,0,0.063,0.04,-0.011
2013-11-21T21:01:59.802Z,0,0,0.039,0.003,0,0.0000,0,0.089,0,-0.005,0,0,0.061,0.04,-0.005
2013-11-21T21:02:59.275Z,0,0,0.0721,0.0014,0.0057,0.0000,0,0.1636,0,-0.0086,0,0.0007,0.0843,0.0386,-0.0129
2013-11-21T21:03:59.523Z,0,0,0.0575,0.0017,0,0.0000,0,0.1075,0,0.0042,0,0.0017,0.0883,0.0367,-0.0017
2013-11-21T21:04:59.797Z,0,0,0.025,0.003,0,0.0000,0,0.077,0,-0.009,0,0,0.05,0.038,-0.003
2013-11-21T21:05:59.160Z,0,0,0.027,0.003,0,0.0000,0,0.075,0,0.002,0,0,0.056,0.039,0.002
2013-11-21T21:06:59.537Z,0,0,0.02,0.001,0,0.0000,0,0.078,0,0.003,0,0,0.055,0.039,0
2013-11-21T21:07:59.783Z,0,0,0.0659,0.0012,0,0.0000,0,0.1665,0.0029,-0.0141,0,0.0029,0.1112,0.04,-0.0041
2013-11-21T21:08:59.075Z,0,0,0.078,0.0013,0.0073,0.0000,0,0.168,0.0027,0.006,0,0.0007,0.1013,0.0393,0.0367
2013-11-21T21:09:59.294Z,0,0,0.0559,0.0006,-0.0012,0.0000,0,0.1482,0.0012,-0.0088,0,0.0047,0.1035,0.0382,-0.0535
2013-11-21T21:10:59.547Z,0,0,0.083,0.0013,0.0035,0.0000,0,0.1909,0.0017,0,0,0.0043,0.1248,0.04,-0.0343
2013-11-21T21:11:59.917Z,0,0,0.027,0.001,0,0.0000,0,0.086,0,0.001,0,0,0.053,0.039,-0.011
2013-11-21T21:12:59.104Z,-0.0009,0.0416,0.8559,0.0477,-0.0182,-0.0065,0.1023,1.3765,0.0728,-0.0631,0.0001,0.0699,1.0512,0.0659,0.0051
2013-11-21T21:13:59.412Z,-0.0017,0.0389,0.8325,0.0458,-0.0368,-0.0008,0.0969,1.3474,0.0698,-0.0084,0.0042,0.065,1.0218,0.0634,0.0669
2013-11-21T21:14:59.817Z,0,0,0.0483,0.0017,0,0.0000,0,0.135,0,-0.0033,0,0,0.0867,0.04,-0.0075
2013-11-21T21:15:59.175Z,0,0,0.0508,0.0008,0,0.0000,0,0.1358,0.0017,-0.0258,0,0,0.0825,0.0383,-0.0175
2013-11-21T21:16:59.472Z,0.0005,0.0422,0.8612,0.0479,0.019,-0.0003,0.099,1.4335,0.0699,-0.0032,0,0.0697,1.0616,0.065,-0.0047
2013-11-21T21:17:59.607Z,-0.0016,0.0442,0.8818,0.0502,-0.0385,-0.0023,0.1065,1.3581,0.0786,-0.0212,0.0009,0.0716,1.0766,0.0669,0.0155
2013-11-21T21:18:59.867Z,-0.0003,0.0442,0.8512,0.052,-0.0027,-0.0013,0.1029,1.269,0.081,-0.013,0.0013,0.0729,1.0401,0.0701,0.0252
2013-11-21T21:19:59.991Z,-0.0008,0.0451,0.8729,0.0517,-0.0142,-0.0016,0.1047,1.2836,0.0816,-0.0152,0.006,0.0747,1.0514,0.0709,0.086
2013-11-21T21:20:59.108Z,0.0004,0.0445,0.8798,0.0504,-0.002,-0.0055,0.1032,1.2991,0.0797,-0.0529,0.0058,0.0748,1.0549,0.0705,0.0776
2013-11-21T21:21:59.230Z,-0.0021,0.0446,0.8733,0.0507,-0.0483,-0.0044,0.1075,1.3063,0.0821,-0.0409,0.0023,0.0737,1.0482,0.0706,0.0343
2013-11-21T21:22:59.352Z,-0.0037,0.0456,0.8748,0.0519,-0.0747,-0.0069,0.1095,1.3034,0.0836,-0.0629,0.0024,0.0768,1.0634,0.0716,0.0266
2013-11-21T21:23:59.498Z,-0.0032,0.0461,0.8757,0.0524,-0.0603,-0.0034,0.1106,1.3109,0.0847,-0.0309,0.0027,0.075,1.0562,0.0715,0.0363
2013-11-21T21:24:59.697Z,0.1978,0.2452,0.9491,0.0653,-0.0299,-0.0012,0.107,1.2952,0.082,-0.0113,0.005,0.0771,1.0572,0.0731,0.0701
2013-11-21T21:25:59.924Z,0.089,0.0948,0.6738,0.1076,0.9024,0.0281,0.0343,0.4843,0.07,0.819,0.03,0.0405,0.47,0.08,0.7262
2013-11-21T21:31:59.214Z,47.2722,47.458,2.6586,0.3258,-0.0417,21294.7573,167.2512,7.1069,0.9265,127.322,251.6256,128.0166,5.6095,0.7328,116.5954
2013-11-21T21:32:59.556Z,-0.0021,0.0485,0.9371,0.0516,-0.0477,-0.0084,0.1221,1.5041,0.081,-0.0684,0.0002,0.0844,1.1517,0.0736,0.0029
2013-11-21T21:33:59.821Z,-0.0036,0.049,0.9443,0.0517,-0.0664,-0.0051,0.1251,1.5163,0.0825,-0.0405,-0.0025,0.0853,1.1554,0.0739,-0.0286
2013-11-21T21:34:59.156Z,-0.0024,0.0489,0.9507,0.0512,-0.0469,-0.0074,0.1255,1.5493,0.0808,-0.0587,-0.0033,0.0845,1.1515,0.0738,-0.033
2013-11-21T21:35:59.351Z,-0.0055,0.0478,0.9413,0.0506,-0.1131,-0.0137,0.1219,1.5252,0.0803,-0.1122,-0.0106,0.0836,1.141,0.0734,-0.1236
2013-11-21T21:36:59.601Z,-0.0055,0.0487,0.9412,0.0519,-0.1046,-0.0140,0.1221,1.5547,0.0784,-0.1144,-0.0103,0.0856,1.1847,0.0724,-0.1274
2013-11-21T21:37:59.769Z,-0.0052,0.0502,0.9477,0.0522,-0.1106,-0.0117,0.1263,1.5507,0.0815,-0.0923,-0.0116,0.0846,1.167,0.0725,-0.1388
2013-11-21T21:38:59.115Z,-0.0065,0.0493,0.9489,0.052,-0.131,-0.0153,0.1224,1.5373,0.0797,-0.1246,-0.0147,0.0854,1.1745,0.0731,-0.1706
2013-11-21T21:39:59.305Z,-0.0102,0.122,0.9403,0.1303,-0.1285,-0.0286,0.1268,1.572,0.0804,-0.2258,-0.0215,0.086,1.1716,0.0736,-0.2454
2013-11-21T21:40:59.569Z,-0.0146,0.3327,0.9353,0.3557,-0.0429,-0.0249,0.1291,1.5697,0.0823,-0.1929,-0.0195,0.0867,1.1901,0.073,-0.2135
2013-11-21T21:41:59.698Z,-0.0147,0.3267,0.9311,0.3507,-0.0441,-0.0240,0.1287,1.5428,0.0836,-0.1867,-0.0183,0.0867,1.1779,0.0736,-0.2087
2013-11-21T21:42:59.920Z,-0.011,0.3237,0.9274,0.3492,-0.0344,-0.0196,0.1263,1.5172,0.0833,-0.1554,-0.0184,0.0861,1.1529,0.0747,-0.2071
2013-11-21T21:43:59.128Z,-0.0096,0.3214,0.932,0.3451,-0.0293,-0.0217,0.1274,1.5414,0.0826,-0.1701,-0.0185,0.0857,1.1703,0.0734,-0.2021
2013-11-21T21:44:59.496Z,-0.008,0.3282,0.948,0.3465,-0.0223,-0.0102,0.1235,1.5216,0.0811,-0.0827,-0.0096,0.0877,1.1758,0.0745,-0.1119
2013-11-21T21:45:59.764Z,395.2593,393.6321,11.1762,1.9335,0.1175,128.4032,737.5257,18.6195,2.7667,0.1741,663.7191,661.1764,16.2616,2.4373,0.206
2013-11-21T21:46:59.977Z,0.0004,0.3246,0.9457,0.3429,0.0007,0.0055,0.1244,1.5281,0.0813,0.0445,0.0004,0.088,1.1873,0.0736,-0.0045
2013-11-21T21:47:59.137Z,-0.0052,0.32,0.9352,0.3429,-0.0162,0.0120,0.1291,1.5511,0.0831,0.0932,-0.0015,0.0868,1.1791,0.0734,-0.0225
2013-11-21T21:48:59.338Z,-0.0023,0.3221,0.9412,0.3428,-0.0072,0.0061,0.1255,1.5411,0.0814,0.0484,0.0007,0.0869,1.1726,0.0739,0.0066
2013-11-21T21:49:59.546Z,0.0006,0.327,0.9529,0.3431,0.0017,0.0115,0.1264,1.5274,0.0832,0.0909,0.0037,0.087,1.1631,0.0748,0.034
2013-11-21T21:50:59.847Z,-0.0065,0.3272,0.9571,0.3418,-0.0201,0.0052,0.126,1.5318,0.0824,0.0413,-0.0021,0.086,1.1615,0.0738,-0.0286
2013-11-21T21:51:59.177Z,-0.0045,0.321,0.9395,0.3418,-0.0146,-0.0048,0.1282,1.5563,0.0821,-0.0375,-0.007,0.0877,1.1866,0.0739,-0.0849
2013-11-21T21:52:59.421Z,-0.0084,0.3255,0.9453,0.3445,-0.0246,0.0008,0.1256,1.5487,0.0809,0.0065,-0.003,0.0872,1.1775,0.0741,-0.0385
2013-11-21T21:54:59.399Z,183.0396,182.6505,5.6345,1.0763,0.0462,9.3745,185.6339,5.8358,0.7589,0.0505,113.6499,112.4222,3.4082,0.4252,0.0105
2013-11-21T21:55:59.575Z,-0.0037,0.3289,0.9524,0.3457,-0.0117,0.0047,0.1293,1.5495,0.0827,0.0366,-0.0019,0.0877,1.1844,0.0742,-0.0269
2013-11-21T21:56:59.973Z,-0.0016,0.3246,0.9437,0.3439,-0.0046,0.0055,0.1279,1.534,0.0831,0.0428,-0.0019,0.0877,1.1863,0.0737,-0.0283
2013-11-21T21:57:59.196Z,-0.0041,0.3253,0.9477,0.3432,-0.0114,0.0020,0.127,1.5343,0.0824,0.0155,-0.0042,0.0883,1.1919,0.0743,-0.0502
2013-11-21T21:58:59.340Z,-0.0003,0.3271,0.956,0.3425,-0.0013,0.0068,0.1276,1.5336,0.0835,0.0532,-0.0012,0.0861,1.16,0.0742,-0.0146
2013-11-21T21:59:59.530Z,-0.0004,0.3264,0.9542,0.3422,-0.0021,0.0136,0.1262,1.5349,0.0818,0.1077,0.0023,0.0854,1.1538,0.0738,0.0242
2013-11-21T22:00:59.808Z,0.0032,0.3239,0.9399,0.3448,0.0076,0.0140,0.1247,1.5376,0.0805,0.1119,0.0042,0.0868,1.165,0.0739,0.0386
2013-11-21T22:01:59.067Z,-0.0026,0.3251,0.9434,0.3446,-0.0078,0.0152,0.1269,1.5397,0.0822,0.1198,0.0048,0.0855,1.1613,0.0733,0.046
2013-11-21T22:02:59.301Z,0.0004,0.3237,0.9455,0.3424,0.002,0.0147,0.1251,1.5265,0.0816,0.1173,0.0061,0.0867,1.1654,0.0738,0.0563
2013-11-21T22:03:59.692Z,-0.0032,0.3246,0.9445,0.3437,-0.0108,0.0122,0.1237,1.515,0.0812,0.0984,0.0037,0.0896,1.1925,0.0749,0.0359
2013-11-21T22:04:59.948Z,0.0021,0.3297,0.9555,0.345,0.003,0.0114,0.1238,1.5233,0.0808,0.0922,-0.0006,0.0871,1.1655,0.0745,-0.0127
2013-11-21T22:05:59.265Z,-0.0032,0.3268,0.9496,0.3442,-0.0098,0.0060,0.1251,1.5146,0.0828,0.0476,-0.0005,0.0856,1.1692,0.0733,-0.0043
2013-11-21T22:06:59.492Z,-0.0042,0.3302,0.9562,0.3456,-0.014,0.0084,0.1226,1.5204,0.0802,0.0689,-0.0041,0.0851,1.1559,0.0733,-0.0501
2013-11-21T22:07:59.618Z,-0.0049,0.3245,0.9421,0.3449,-0.0155,0.0031,0.1254,1.5184,0.0824,0.0244,-0.0023,0.0864,1.168,0.0738,-0.0359
2013-11-21T22:08:59.706Z,-0.0058,0.3326,0.9662,0.344,-0.0174,0.0007,0.1253,1.5545,0.0809,0.0054,-0.0049,0.0876,1.1772,0.0745,-0.0588
2013-11-21T22:09:59.934Z,-0.0053,0.3268,0.9452,0.3462,-0.014,-0.0015,0.1247,1.5238,0.0818,-0.0119,-0.0053,0.0869,1.1725,0.0743,-0.0601
2013-11-21T22:10:59.104Z,-0.0056,0.3263,0.9416,0.3469,-0.0172,0.0029,0.1274,1.547,0.0821,0.0224,-0.0036,0.0898,1.1951,0.0751,-0.0416
2013-11-21T22:11:59.230Z,-0.0044,0.3257,0.9498,0.3435,-0.0111,0.0011,0.1246,1.5345,0.0811,0.009,-0.0038,0.0855,1.162,0.0737,-0.0438
2013-11-21T22:12:59.578Z,-0.0055,0.3255,0.9479,0.3438,-0.0178,-0.0022,0.1258,1.5287,0.0818,-0.0178,-0.0064,0.0879,1.1813,0.0744,-0.0693
2013-11-21T22:13:59.730Z,-0.0083,0.332,0.9618,0.3459,-0.0266,-0.0048,0.1301,1.5474,0.084,-0.0371,-0.0109,0.086,1.1781,0.0736,-0.126
2013-11-21T22:14:59.853Z,-0.0105,0.3288,0.9535,0.3447,-0.0323,-0.0126,0.1257,1.5474,0.0813,-0.1006,-0.0138,0.0886,1.2019,0.0739,-0.1504
2013-11-21T22:15:59.095Z,-0.0086,0.3256,0.9497,0.3431,-0.0266,-0.0225,0.128,1.533,0.0831,-0.1756,-0.0175,0.0888,1.193,0.0742,-0.1916
2013-11-21T22:16:59.324Z,-0.0144,0.322,0.948,0.3396,-0.0445,-0.0189,0.1305,1.5856,0.0823,-0.1451,-0.0179,0.0876,1.1667,0.075,-0.205
2013-11-21T22:17:59.537Z,-0.012,0.3251,0.9576,0.3393,-0.0356,-0.0206,0.1262,1.5399,0.0819,-0.1631,-0.0177,0.0885,1.1794,0.0748,-0.2006
2013-11-21T22:18:59.694Z,-0.0073,0.3212,0.9394,0.3418,-0.0242,-0.0103,0.1261,1.5396,0.0818,-0.0818,-0.0101,0.0865,1.1646,0.0743,-0.1161
2013-11-21T22:19:59.039Z,-0.0045,0.3262,0.943,0.3466,-0.0146,-0.0042,0.1276,1.5459,0.0828,-0.0331,-0.0067,0.0876,1.1854,0.0739,-0.0739
2013-11-21T22:20:59.320Z,-0.0036,0.3251,0.9434,0.3445,-0.0133,-0.0047,0.1242,1.5348,0.0809,-0.0382,-0.0063,0.0859,1.1603,0.0743,-0.0715
2013-11-21T22:21:59.570Z,-0.0021,0.3263,0.9419,0.3467,-0.0081,-0.0061,0.1221,1.5135,0.0809,-0.05,-0.0104,0.0884,1.1742,0.075,-0.1191
2013-11-21T22:22:59.741Z,-0.0052,0.3245,0.9429,0.3446,-0.0173,-0.0068,0.1267,1.5394,0.0828,-0.0538,-0.0075,0.0881,1.1794,0.0746,-0.0834
2013-11-21T22:23:59.917Z,-0.0089,0.3214,0.9287,0.3456,-0.0256,-0.0129,0.1278,1.5516,0.0823,-0.1006,-0.0128,0.0887,1.1758,0.0752,-0.14
2013-11-21T22:24:59.101Z,-0.0074,0.3263,0.9433,0.3462,-0.0225,-0.0144,0.1254,1.5411,0.0812,-0.1146,-0.0107,0.0883,1.1777,0.0748,-0.119
2013-11-21T22:25:59.568Z,-0.009,0.3269,0.9437,0.346,-0.0264,-0.0182,0.1243,1.5452,0.0807,-0.1462,-0.0176,0.0864,1.1586,0.0747,-0.1949
2013-11-21T22:26:59.728Z,-0.0133,0.3299,0.9508,0.3471,-0.0396,-0.0186,0.1279,1.5836,0.0808,-0.1458,-0.0186,0.0881,1.1678,0.0756,-0.2057
2013-11-21T22:27:59.929Z,-0.012,0.3258,0.9398,0.3469,-0.0377,-0.0213,0.1289,1.5418,0.0832,-0.1649,-0.0185,0.0894,1.192,0.0746,-0.2009
2013-11-21T22:28:59.131Z,-0.0118,0.3233,0.9343,0.3464,-0.0359,-0.0191,0.1277,1.5541,0.0824,-0.1497,-0.0185,0.0888,1.1828,0.075,-0.2007
2013-11-21T22:29:59.282Z,-0.0112,0.3267,0.9456,0.3458,-0.033,-0.0206,0.1298,1.5757,0.0819,-0.1587,-0.0177,0.0878,1.1763,0.0746,-0.1964
2013-11-21T22:30:59.673Z,-0.0095,0.3272,0.949,0.3448,-0.0314,-0.0186,0.126,1.5389,0.082,-0.148,-0.0169,0.0896,1.1875,0.0755,-0.1899
2013-11-21T22:31:59.853Z,-0.013,0.3297,0.9541,0.3454,-0.0382,-0.0157,0.1263,1.5543,0.0815,-0.1246,-0.0154,0.0853,1.165,0.0735,-0.1749
2013-11-21T22:32:59.143Z,-0.0092,0.3235,0.9325,0.3469,-0.0304,-0.0177,0.1275,1.5548,0.0821,-0.1386,-0.0158,0.0878,1.1749,0.0749,-0.1751
2013-11-21T22:33:59.451Z,-0.0082,0.3275,0.9532,0.3444,-0.0231,-0.0115,0.1251,1.5218,0.0819,-0.0918,-0.0104,0.0859,1.1505,0.0749,-0.1182
2013-11-21T22:34:59.710Z,-0.012,0.3241,0.9449,0.3429,-0.0372,-0.0167,0.1284,1.5556,0.0822,-0.1297,-0.0111,0.087,1.1829,0.0733,-0.128
2013-11-21T22:35:59.876Z,-0.0119,0.3183,0.9317,0.3418,-0.0351,-0.0195,0.1294,1.5608,0.0828,-0.1505,-0.0136,0.0882,1.1727,0.0749,-0.1521
2013-11-21T22:36:59.049Z,-0.0152,0.3284,0.9492,0.3461,-0.0468,-0.0185,0.1269,1.5486,0.0817,-0.1456,-0.0129,0.0864,1.1631,0.0748,-0.149
2013-11-21T22:37:59.535Z,-0.0023,0.3256,0.9465,0.3441,-0.0067,-0.0033,0.1236,1.5316,0.0805,-0.0265,-0.0082,0.0853,1.1614,0.0736,-0.093
2013-11-21T22:38:59.672Z,-0.0113,0.3253,0.9427,0.3444,-0.0351,-0.0180,0.1268,1.5284,0.0832,-0.1419,-0.0137,0.0886,1.1793,0.0749,-0.1571
2013-11-21T22:39:59.897Z,-0.009,0.3236,0.9417,0.344,-0.0297,-0.0225,0.1326,1.5706,0.0841,-0.1699,-0.0184,0.0882,1.1706,0.075,-0.2021
2013-11-21T22:40:59.130Z,-0.0088,0.3301,0.9636,0.3425,-0.0239,-0.0192,0.1298,1.5457,0.0836,-0.148,-0.0159,0.0877,1.1609,0.0755,-0.1746
2013-11-21T22:41:59.414Z,-0.0131,0.3258,0.9386,0.3471,-0.037,-0.0209,0.1305,1.5774,0.0825,-0.1604,-0.0192,0.0904,1.1857,0.0764,-0.209
2013-11-21T22:42:59.720Z,-0.0094,0.3304,0.9536,0.3473,-0.03,-0.0222,0.1285,1.5455,0.0832,-0.1726,-0.0182,0.0887,1.1852,0.0747,-0.2012
2013-11-21T22:43:59.996Z,-0.0124,0.3308,0.9526,0.3467,-0.0395,-0.0210,0.1304,1.5637,0.0833,-0.1608,-0.0169,0.0893,1.1898,0.0749,-0.1829
2013-11-21T22:44:59.174Z,-0.0129,0.3306,0.9512,0.3474,-0.0411,-0.0183,0.1247,1.5499,0.0804,-0.1469,-0.0191,0.0871,1.1677,0.0749,-0.2213
2013-11-21T22:45:59.487Z,-0.0144,0.329,0.9474,0.347,-0.045,-0.0190,0.1252,1.528,0.0819,-0.1516,-0.0166,0.0875,1.1774,0.0739,-0.1871
2013-11-21T22:46:59.704Z,-0.0087,0.3288,0.949,0.3468,-0.0267,-0.0178,0.1263,1.5132,0.0834,-0.1411,-0.0192,0.0878,1.1759,0.0748,-0.2141
2013-11-21T22:47:59.882Z,-0.0092,0.3294,0.9493,0.347,-0.0281,-0.0234,0.1297,1.5744,0.0821,-0.1806,-0.02,0.086,1.1595,0.0741,-0.2212
2013-11-21T22:48:59.264Z,-0.0107,0.33,0.9509,0.3475,-0.0343,-0.0229,0.1289,1.5722,0.0817,-0.178,-0.0192,0.0893,1.1786,0.0755,-0.2106
2013-11-21T22:49:59.575Z,-0.0114,0.3275,0.9421,0.3478,-0.0362,-0.0225,0.1282,1.5566,0.0823,-0.1757,-0.0171,0.0892,1.1819,0.0752,-0.1928
2013-11-21T22:50:59.767Z,-0.0147,0.33,0.9502,0.3471,-0.0427,-0.0194,0.127,1.58,0.08,-0.153,-0.0168,0.0882,1.1664,0.0751,-0.191
2013-11-21T22:51:59.297Z,-0.008,0.3293,0.9439,0.3485,-0.0248,-0.0207,0.1295,1.5542,0.0831,-0.1596,-0.0187,0.088,1.1737,0.0748,-0.2092
2013-11-21T22:52:59.661Z,-0.012,0.3324,0.9504,0.3496,-0.0362,-0.0214,0.1308,1.558,0.0837,-0.1638,-0.0175,0.0883,1.1789,0.0746,-0.1925
2013-11-21T22:53:59.848Z,-0.0147,0.3261,0.9388,0.3477,-0.0442,-0.0235,0.127,1.5633,0.0811,-0.1854,-0.0168,0.0891,1.1873,0.0746,-0.1823
2013-11-21T22:54:59.003Z,-0.0139,0.3334,0.956,0.3488,-0.0423,-0.0237,0.1291,1.5584,0.0831,-0.1832,-0.0186,0.0895,1.1861,0.0757,-0.2055
2013-11-21T22:55:59.353Z,-0.0134,0.3323,0.9629,0.3454,-0.041,-0.0222,0.1304,1.561,0.0833,-0.17,-0.0172,0.0886,1.1798,0.075,-0.1882
2013-11-21T22:56:59.860Z,-0.0125,0.3287,0.9505,0.346,-0.0395,-0.0187,0.1285,1.5491,0.0826,-0.1452,-0.016,0.0883,1.1865,0.0744,-0.1789
2013-11-21T22:58:59.151Z,-0.0114,0.3293,0.9466,0.3478,-0.034,-0.0217,0.1288,1.547,0.0832,-0.1688,-0.0179,0.0886,1.1773,0.0754,-0.1989
2013-11-21T22:59:59.556Z,-0.0144,0.3318,0.9485,0.3497,-0.0434,-0.0207,0.1265,1.55,0.0813,-0.1637,-0.017,0.0875,1.1632,0.0754,-0.1899
2013-11-21T23:00:59.763Z,-0.0093,0.3349,0.9611,0.3486,-0.0266,-0.0189,0.1277,1.5243,0.0836,-0.1477,-0.0156,0.0887,1.179,0.075,-0.1705
2013-11-21T23:01:59.057Z,-0.0126,0.3247,0.9412,0.3445,-0.038,-0.0212,0.1273,1.5624,0.0816,-0.1666,-0.0173,0.089,1.1814,0.0751,-0.1883
2013-11-21T23:02:59.301Z,-0.0179,0.3283,0.9459,0.3469,-0.0536,-0.0241,0.1279,1.548,0.0827,-0.1886,-0.0151,0.0877,1.1902,0.0736,-0.1735
2013-11-21T23:03:59.594Z,-0.0143,0.3308,0.9469,0.3495,-0.0424,-0.0247,0.1297,1.5458,0.0832,-0.1906,-0.0181,0.0894,1.1874,0.0748,-0.203
2013-11-21T23:04:59.819Z,-0.0103,0.3352,0.9633,0.348,-0.0317,-0.0263,0.1297,1.5656,0.083,-0.2027,-0.0201,0.0897,1.1921,0.0754,-0.2154
2013-11-21T23:05:59.427Z,-0.0081,0.3319,0.9541,0.3473,-0.0232,-0.0251,0.13,1.5672,0.083,-0.1929,-0.0189,0.0883,1.179,0.0746,-0.2064
2013-11-21T23:06:59.542Z,-0.0144,0.3263,0.9443,0.3456,-0.0446,-0.0232,0.1309,1.5591,0.0837,-0.1769,-0.0184,0.0889,1.1914,0.0749,-0.2007
2013-11-21T23:07:59.758Z,-0.0117,0.3228,0.9314,0.3464,-0.0369,-0.0195,0.1287,1.5335,0.0836,-0.1513,-0.02,0.0879,1.1665,0.0757,-0.2239
2013-11-21T23:08:59.011Z,-0.0143,0.3264,0.9432,0.3462,-0.0433,-0.0221,0.1283,1.5495,0.0827,-0.1723,-0.0151,0.089,1.1864,0.0751,-0.1667
2013-11-21T23:09:59.257Z,-0.0107,0.3273,0.9513,0.3445,-0.0328,-0.0189,0.1274,1.5359,0.0833,-0.1484,-0.016,0.086,1.1615,0.0742,-0.1877
2013-11-21T23:10:59.426Z,-0.0151,0.3299,0.9578,0.3446,-0.044,-0.0223,0.1252,1.5369,0.0814,-0.178,-0.0182,0.0897,1.2015,0.0744,-0.1984
2013-11-21T23:11:59.653Z,-0.0139,0.3183,0.9258,0.344,-0.0409,-0.0202,0.1275,1.5357,0.0832,-0.1583,-0.0152,0.0878,1.172,0.0749,-0.1741
2013-11-21T23:12:59.843Z,-0.0051,0.3247,0.9468,0.3431,-0.0181,-0.0187,0.1287,1.5723,0.0819,-0.1455,-0.0167,0.0877,1.1828,0.074,-0.1831
2013-11-21T23:13:59.008Z,-0.0067,0.3241,0.9376,0.3459,-0.02,-0.0201,0.1275,1.5548,0.082,-0.1576,-0.0151,0.0868,1.1626,0.0742,-0.1687
2013-11-21T23:14:59.558Z,-0.016,0.3246,0.9408,0.3448,-0.0486,-0.0212,0.126,1.5389,0.0822,-0.1685,-0.0145,0.0869,1.1723,0.0741,-0.1687
2013-11-21T23:15:59.834Z,-0.0121,0.3245,0.9396,0.3454,-0.0349,-0.0186,0.1244,1.5338,0.081,-0.1499,-0.0141,0.0879,1.1833,0.0739,-0.1636
2013-11-21T23:16:59.145Z,-0.0158,0.3243,0.9363,0.3464,-0.0474,-0.0189,0.1257,1.5432,0.0819,-0.1506,-0.014,0.0876,1.1616,0.0754,-0.1546
2013-11-21T23:17:59.369Z,-0.0121,0.3217,0.9395,0.3425,-0.0385,-0.0200,0.1243,1.5273,0.0808,-0.1607,-0.0177,0.0879,1.1806,0.0748,-0.1954
2013-11-21T23:18:59.636Z,-0.0126,0.3167,0.9258,0.342,-0.0401,-0.0179,0.1256,1.5187,0.0831,-0.1429,-0.0159,0.0875,1.174,0.0741,-0.1742
2013-11-21T23:19:59.768Z,-0.011,0.3187,0.9338,0.3409,-0.0322,-0.0196,0.1272,1.5495,0.0819,-0.1544,-0.0154,0.0877,1.1838,0.0742,-0.1697
2013-11-21T23:20:59.941Z,-0.0123,0.321,0.9424,0.3408,-0.0385,-0.0180,0.1247,1.5311,0.0815,-0.1441,-0.0172,0.0878,1.1725,0.0746,-0.1896
2013-11-21T23:21:59.352Z,-0.0116,0.3199,0.9366,0.3417,-0.0334,-0.0199,0.1246,1.5153,0.082,-0.1599,-0.0172,0.0895,1.1765,0.0759,-0.1845
2013-11-21T23:22:59.646Z,-0.01,0.3209,0.938,0.3412,-0.0301,-0.0181,0.1236,1.5278,0.0808,-0.1467,-0.016,0.0864,1.1573,0.0748,-0.1843
2013-11-21T23:23:59.992Z,-0.0065,0.3206,0.9413,0.3405,-0.0192,-0.0172,0.1246,1.5269,0.0811,-0.1384,-0.0182,0.0862,1.1628,0.0741,-0.2003
2013-11-21T23:24:59.182Z,-0.014,0.3262,0.9509,0.3431,-0.0422,-0.0193,0.1263,1.5529,0.0808,-0.1527,-0.0176,0.0882,1.1724,0.0749,-0.1976
2013-11-21T23:25:59.447Z,-0.0152,0.3203,0.94,0.3406,-0.0474,-0.0170,0.1275,1.5383,0.0834,-0.1332,-0.0166,0.0869,1.1723,0.0745,-0.1829
2013-11-21T23:26:59.630Z,-0.0107,0.3253,0.9448,0.344,-0.0314,-0.0200,0.1267,1.5424,0.082,-0.158,-0.0185,0.0854,1.1492,0.0745,-0.2103
2013-11-21T23:27:59.816Z,-0.0126,0.3258,0.9515,0.3423,-0.0378,-0.0194,0.1263,1.5254,0.0827,-0.1533,-0.0179,0.0886,1.1866,0.0744,-0.2047
2013-11-21T23:28:59.040Z,-0.0107,0.316,0.9229,0.3424,-0.0337,-0.0217,0.1266,1.548,0.0816,-0.1715,-0.0182,0.0875,1.1662,0.0755,-0.2027
2013-11-21T23:29:59.346Z,-0.0104,0.3222,0.946,0.3408,-0.0322,-0.0202,0.128,1.5351,0.0832,-0.1577,-0.0195,0.0889,1.1817,0.0755,-0.2138
2013-11-21T23:30:59.503Z,-0.01,0.3207,0.9427,0.3403,-0.0311,-0.0226,0.1286,1.5464,0.0831,-0.1758,-0.0175,0.087,1.1845,0.0733,-0.1982
2013-11-21T23:31:59.628Z,-0.011,0.3181,0.9288,0.3422,-0.0339,-0.0186,0.1261,1.5307,0.0826,-0.1473,-0.0173,0.0875,1.1774,0.0742,-0.1912
2013-11-21T23:32:59.815Z,-0.0127,0.3219,0.9428,0.3413,-0.0391,-0.0147,0.1258,1.5493,0.0813,-0.1167,-0.0165,0.0861,1.1692,0.0735,-0.1914
2013-11-21T23:33:59.905Z,-0.0088,0.3187,0.9332,0.3414,-0.0285,-0.0169,0.1256,1.5333,0.082,-0.1349,-0.0165,0.0866,1.1725,0.0734,-0.1876
2013-11-21T23:34:59.097Z,-0.0124,0.3222,0.9438,0.3418,-0.0386,-0.0199,0.1257,1.5175,0.0828,-0.158,-0.0163,0.086,1.1571,0.0743,-0.1815
2013-11-21T23:35:59.520Z,-0.0145,0.3191,0.9284,0.3434,-0.0429,-0.0206,0.125,1.5406,0.081,-0.1646,-0.0169,0.0882,1.1712,0.0755,-0.1857
2013-11-21T23:36:59.741Z,-0.0088,0.3191,0.9345,0.3419,-0.0275,-0.0204,0.1251,1.5493,0.0809,-0.1629,-0.017,0.0863,1.1637,0.0744,-0.1878
2013-11-21T23:37:59.855Z,-0.0093,0.3199,0.9329,0.3428,-0.0276,-0.0229,0.1279,1.551,0.0827,-0.1788,-0.0178,0.0856,1.1641,0.0735,-0.2027
2013-11-21T23:38:59.015Z,-0.0173,0.325,0.9474,0.343,-0.0533,-0.0231,0.1296,1.5508,0.0839,-0.1779,-0.0185,0.0871,1.1739,0.0742,-0.2068
2013-11-21T23:39:59.275Z,-0.0105,0.3192,0.9324,0.3421,-0.0306,-0.0200,0.1274,1.5338,0.0828,-0.1569,-0.0186,0.0876,1.1603,0.0751,-0.2021
2013-11-21T23:40:59.822Z,-0.0091,0.3216,0.9432,0.3409,-0.028,-0.0180,0.1222,1.5294,0.08,-0.1475,-0.0181,0.0876,1.1651,0.0747,-0.2049
2013-11-21T23:41:59.054Z,-0.0127,0.3187,0.9337,0.3413,-0.038,-0.0209,0.1243,1.5281,0.0811,-0.1683,-0.0161,0.0866,1.1627,0.0743,-0.1797
2013-11-21T23:42:59.413Z,-0.0168,0.3219,0.938,0.3428,-0.0511,-0.0164,0.1227,1.5243,0.0802,-0.1335,-0.0163,0.0874,1.1728,0.0743,-0.1791
2013-11-21T23:43:59.588Z,-0.0119,0.3239,0.9498,0.3411,-0.0366,-0.0199,0.1277,1.5754,0.0812,-0.1556,-0.018,0.088,1.1785,0.0747,-0.1981
2013-11-21T23:44:59.747Z,-0.0118,0.3184,0.9288,0.3424,-0.0368,-0.0221,0.127,1.5229,0.0835,-0.1741,-0.018,0.088,1.1721,0.0743,-0.1993
2013-11-21T23:45:59.835Z,-0.0134,0.3226,0.9457,0.3414,-0.0414,-0.0238,0.1274,1.5468,0.0825,-0.1866,-0.0196,0.0881,1.181,0.0744,-0.2188
2013-11-21T23:46:59.234Z,-0.0118,0.3229,0.9463,0.3413,-0.0376,-0.0190,0.127,1.5515,0.0819,-0.1498,-0.0158,0.0882,1.1803,0.0745,-0.1797
2013-11-21T23:47:59.859Z,-0.0087,0.3247,0.9423,0.3442,-0.0253,-0.0190,0.1234,1.5678,0.0794,-0.1538,-0.0191,0.0887,1.178,0.0754,-0.2087
2013-11-21T23:48:59.987Z,-0.0145,0.3275,0.9577,0.342,-0.043,-0.0236,0.1284,1.5661,0.0815,-0.1836,-0.0177,0.0903,1.1827,0.0763,-0.1895
2013-11-21T23:49:59.301Z,-0.0126,0.3245,0.9432,0.3445,-0.039,-0.0174,0.1225,1.5158,0.0809,-0.1422,-0.0167,0.0863,1.1571,0.0747,-0.1904
2013-11-21T23:50:59.894Z,-0.012,0.3214,0.9363,0.343,-0.0371,-0.0206,0.1246,1.5074,0.0825,-0.1656,-0.0156,0.0851,1.1529,0.074,-0.1746
2013-11-21T23:51:59.222Z,-0.012,0.3243,0.9412,0.3444,-0.0357,-0.0193,0.1232,1.5282,0.0805,-0.157,-0.0155,0.087,1.1686,0.0745,-0.1804
2013-11-21T23:52:59.448Z,-0.0114,0.3185,0.9267,0.3438,-0.0348,-0.0199,0.1254,1.5345,0.0816,-0.1584,-0.0181,0.0874,1.1684,0.0745,-0.2047
2013-11-21T23:53:59.632Z,-0.0171,0.3182,0.9311,0.3418,-0.052,-0.0217,0.1219,1.5136,0.081,-0.1778,-0.0185,0.088,1.1729,0.0755,-0.2093
2013-11-21T23:54:59.950Z,-0.0116,0.3196,0.9361,0.3414,-0.0361,-0.0194,0.1255,1.5428,0.0814,-0.1546,-0.0182,0.0868,1.1742,0.0738,-0.2034
2013-11-21T23:55:59.505Z,-0.0119,0.3222,0.9375,0.3437,-0.0356,-0.0200,0.1253,1.532,0.082,-0.16,-0.0159,0.0863,1.1674,0.0737,-0.1846
2013-11-21T23:57:59.688Z,-0.0124,0.3198,0.9339,0.3427,-0.0385,-0.0174,0.1236,1.5421,0.0798,-0.1409,-0.016,0.0871,1.1704,0.0746,-0.1777
2013-11-21T23:58:59.119Z,-0.0131,0.3229,0.9388,0.3441,-0.0397,-0.0244,0.1287,1.5487,0.0836,-0.1897,-0.0169,0.0863,1.1752,0.0736,-0.1893
2013-11-21T23:59:59.805Z,-0.0138,0.3241,0.9403,0.3448,-0.0417,-0.0210,0.1251,1.5311,0.0821,-0.1681,-0.0158,0.0867,1.168,0.0738,-0.1832
