2013-12-23T00:00:59.123Z,-2.6936,11.4515,233.6089,0.0494,-0.2346,8.6798,16.9726,231.8944,0.0719,0.5114,12.3663,17.5277,234.7886,0.0724,0.7056
2013-12-23T00:01:59.319Z,-2.7235,11.5921,233.9262,0.0501,-0.2337,8.7221,17.0554,232.0381,0.0727,0.5114,12.3869,17.5928,235.0311,0.0734,0.7046
2013-12-23T00:02:59.531Z,-2.6511,11.465,234.4486,0.0495,-0.231,8.9340,17.0756,231.1384,0.073,0.5232,12.399,17.6006,235.1065,0.0731,0.7047
2013-12-23T00:03:59.582Z,-2.7104,11.5555,234.2817,0.0498,-0.233,8.6889,16.8783,230.9539,0.072,0.5148,12.3478,17.4829,234.7244,0.0726,0.7063
2013-12-23T00:04:59.713Z,-2.7184,11.5638,234.2647,0.0495,-0.235,8.8347,16.9963,231.2666,0.0722,0.5198,12.4178,17.5639,234.6598,0.0729,0.7077
2013-12-23T00:05:59.806Z,-2.7137,11.4853,233.8694,0.0496,-0.2348,8.7461,16.953,231.7276,0.0723,0.5159,12.3739,17.5234,234.4856,0.0726,0.7062
2013-12-23T00:06:59.914Z,-3.4297,12.3967,234.0961,0.0531,-0.2744,8.5805,16.8741,231.244,0.0725,0.5085,12.2984,17.4963,234.0626,0.0727,0.7042
2013-12-23T00:07:59.387Z,-3.6317,12.8617,234.2233,0.0552,-0.2819,8.5443,16.7044,230.8066,0.0714,0.5115,12.2978,17.3591,233.4232,0.0715,0.7085
2013-12-23T00:08:59.538Z,-3.62,12.9064,234.1609,0.0548,-0.2797,8.5655,16.7852,231.45,0.0711,0.5103,12.2389,17.3283,233.2784,0.0712,0.7068
2013-12-23T00:09:59.682Z,-3.6888,12.8343,233.9517,0.0549,-0.2864,8.4884,16.6636,231.1455,0.0712,0.5094,12.2449,17.3767,233.1517,0.0721,0.7054
2013-12-23T00:10:59.826Z,-3.5956,12.7784,232.5545,0.0553,-0.2814,8.3522,16.6943,231.208,0.0714,0.5003,12.3104,17.4149,233.4518,0.0723,0.7068
2013-12-23T00:11:59.006Z,-3.5163,12.5506,231.0935,0.0537,-0.2791,8.0957,16.5861,231.4422,0.0706,0.4881,12.3568,17.604,234.3682,0.0729,0.7041
2013-12-23T00:12:59.099Z,-3.6562,12.9177,234.1257,0.0552,-0.2831,8.5691,16.7169,231.2449,0.0713,0.5126,12.2961,17.3929,233.5267,0.0724,0.7071
2013-12-23T00:13:59.233Z,-3.7826,13.0495,234.2238,0.0561,-0.2897,8.4442,16.761,231.2854,0.0717,0.5038,12.2077,17.3849,233.4711,0.0718,0.7035
2013-12-23T00:14:59.355Z,-3.5728,12.7468,234.0657,0.054,-0.2794,8.5380,16.7347,230.9796,0.0717,0.5102,12.3561,17.4161,233.9606,0.0721,0.7098
2013-12-23T00:15:59.490Z,-3.7102,12.8768,233.8132,0.0553,-0.2868,8.3773,16.7614,231.0079,0.0714,0.4998,12.3598,17.4503,234.0417,0.0721,0.7088
2013-12-23T00:16:59.583Z,-3.6144,12.8757,233.8958,0.0548,-0.2801,8.4682,16.6762,230.5302,0.0708,0.5078,12.2942,17.4308,233.9006,0.0723,0.706
2013-12-23T00:17:59.638Z,-3.6845,12.9086,233.9623,0.0553,-0.2851,8.4683,16.7922,230.697,0.0719,0.5043,12.358,17.4017,234.0116,0.0719,0.7103
2013-12-23T00:18:59.752Z,-3.6991,12.9564,234.5496,0.0556,-0.2848,8.5459,16.6978,230.6465,0.071,0.5118,12.2506,17.4338,233.8991,0.0723,0.7032
2013-12-23T00:19:59.849Z,-3.5293,12.7841,234.1551,0.0547,-0.2757,8.4241,16.6582,230.5997,0.0718,0.5057,12.2871,17.3628,233.7615,0.0721,0.7079
2013-12-23T00:20:59.924Z,-3.6276,12.9476,233.6399,0.0562,-0.2795,8.4454,16.7634,231.041,0.0717,0.5038,12.2787,17.4001,233.4144,0.0729,0.7052
2013-12-23T00:21:59.078Z,-3.6226,12.7716,233.766,0.0546,-0.2825,8.4057,16.6647,231.4584,0.0711,0.5044,12.262,17.386,233.5648,0.0717,0.7057
2013-12-23T00:22:59.176Z,-3.6959,12.9806,233.44,0.0554,-0.2839,8.4081,16.6861,231.1971,0.071,0.5039,12.3053,17.3851,233.7731,0.0726,0.7085
2013-12-23T00:23:59.511Z,-3.6506,12.8328,233.1764,0.0551,-0.284,8.3971,16.6411,231.2956,0.0706,0.5046,12.2527,17.4229,233.6026,0.0723,0.7037
2013-12-23T00:24:59.587Z,-3.5573,12.6959,233.1173,0.0547,-0.2788,8.3238,16.5451,231.1653,0.071,0.5031,12.2227,17.4405,233.4966,0.0722,0.7018
2013-12-23T00:25:59.667Z,-3.6687,12.8313,232.7393,0.0548,-0.2853,8.1369,16.4748,231.4333,0.0706,0.4939,12.2917,17.2985,233.1447,0.072,0.7102
2013-12-23T00:26:59.804Z,-3.691,12.8171,232.6465,0.0547,-0.2873,8.1671,16.5225,231.8474,0.0705,0.4943,12.3116,17.3742,233.4299,0.0722,0.7086
2013-12-23T00:27:59.866Z,-3.5786,12.7726,232.6703,0.0546,-0.2786,8.3493,16.6652,232.2841,0.071,0.501,12.3464,17.4627,233.7212,0.0727,0.7073
2013-12-23T00:28:59.999Z,-3.5822,12.8518,232.8302,0.0553,-0.2783,8.2339,16.5805,232.1795,0.0702,0.4966,12.2639,17.3979,233.8047,0.0723,0.7049
2013-12-23T00:29:59.064Z,-3.7098,12.8611,232.5392,0.0556,-0.2872,8.1842,16.5839,231.6082,0.0706,0.4935,12.3753,17.4572,233.6616,0.0727,0.7097
2013-12-23T00:30:59.160Z,-3.6216,12.8185,232.9406,0.055,-0.2814,8.3408,16.7016,231.5162,0.0711,0.4994,12.2801,17.3631,233.7333,0.0722,0.7072
2013-12-23T00:31:59.266Z,-3.7347,12.988,233.2119,0.0556,-0.2859,8.3488,16.7612,231.4641,0.0715,0.4981,12.3342,17.5025,234.2778,0.072,0.7061
2013-12-23T00:32:59.452Z,-3.5889,12.7951,233.1309,0.0543,-0.2803,8.4019,16.7268,230.9347,0.0717,0.5023,12.426,17.4799,234.638,0.0723,0.7111
2013-12-23T00:33:59.506Z,-3.7885,13.0052,233.4936,0.0559,-0.2918,8.3710,16.5894,230.9033,0.0711,0.5046,12.2829,17.3866,234.8698,0.0712,0.7069
2013-12-23T00:34:59.606Z,-3.8213,12.9852,233.9333,0.0561,-0.2932,8.5823,16.8412,231.1959,0.0717,0.5096,12.5097,17.4922,234.7019,0.0721,0.7153
2013-12-23T00:35:59.825Z,-3.8778,13.1426,234.0631,0.0562,-0.2948,8.7902,17.1684,231.5556,0.0732,0.512,12.4684,17.5169,234.4583,0.0727,0.7122
2013-12-23T00:36:59.932Z,-3.9752,13.3095,233.8679,0.0576,-0.2979,8.7207,17.2926,232.6045,0.0737,0.5043,12.333,17.4259,233.3534,0.0729,0.7073
2013-12-23T00:37:59.025Z,-3.9227,13.2066,234.2598,0.057,-0.2952,8.6856,17.2299,232.8104,0.0729,0.5041,12.3972,17.4054,232.5649,0.073,0.7124
2013-12-23T00:38:59.080Z,-3.9248,13.152,234.2203,0.0563,-0.2977,8.6317,17.3014,232.6391,0.0732,0.4989,12.364,17.3512,232.6348,0.0723,0.7125
2013-12-23T00:39:59.205Z,-4.023,13.2249,234.46,0.0568,-0.3033,8.7798,17.2728,232.3583,0.0738,0.5083,12.4033,17.4305,233.3497,0.0726,0.7126
2013-12-23T00:40:59.311Z,-3.9197,13.1469,234.0599,0.0566,-0.2973,8.8209,17.3435,232.0214,0.0744,0.5086,12.4344,17.3743,234.0217,0.0718,0.7157
2013-12-23T00:41:59.372Z,-3.7331,13.1054,234.059,0.0562,-0.2846,8.7926,17.2201,231.771,0.0736,0.5106,12.4379,17.4677,234.0001,0.0723,0.7123
2013-12-23T00:42:59.597Z,-3.8299,13.0882,234.0851,0.0567,-0.2927,8.7844,17.299,232.366,0.074,0.5078,12.4905,17.4596,233.9901,0.0727,0.7159
2013-12-23T00:43:59.677Z,-3.8966,13.1476,234.7339,0.0562,-0.295,8.8171,17.3531,232.5365,0.074,0.5081,12.464,17.528,234.2263,0.0733,0.7111
2013-12-23T00:44:59.776Z,-3.7161,13.0344,235.3847,0.0556,-0.2835,8.9270,17.2136,230.7365,0.0744,0.5186,12.4103,17.4931,234.2285,0.0724,0.7091
2013-12-23T00:45:59.127Z,-3.8842,13.0547,234.4084,0.0559,-0.2968,8.9031,17.55,233.2551,0.0753,0.5073,12.3839,17.489,234.1172,0.0732,0.7085
2013-12-23T00:46:59.259Z,-3.8204,13.1471,234.8476,0.0564,-0.2901,8.9495,17.4183,232.7401,0.0745,0.5138,12.4944,17.5609,234.4047,0.0734,0.7116
2013-12-23T00:47:59.362Z,-3.8572,13.0561,235.1027,0.0557,-0.2945,8.9251,17.4319,232.3787,0.0749,0.512,12.4199,17.4311,234.3854,0.0717,0.7126
2013-12-23T00:48:59.473Z,-3.8361,13.1218,235.0913,0.0561,-0.2912,9.0252,17.4165,232.0055,0.0752,0.5182,12.4694,17.5006,234.751,0.0722,0.7129
2013-12-23T00:49:59.613Z,-3.933,13.2151,235.0106,0.0566,-0.2979,8.9173,17.3691,231.8689,0.0748,0.5134,12.4514,17.5016,234.9031,0.0719,0.7114
2013-12-23T00:50:59.851Z,-3.8512,13.0964,234.7356,0.0561,-0.2934,8.8421,17.3578,231.9903,0.0743,0.5094,12.4521,17.4852,234.851,0.0723,0.7119
2013-12-23T00:51:59.954Z,-3.9502,13.1191,234.3009,0.0566,-0.3,55.5007,85.8082,231.8962,0.3698,0.6468,12.5076,17.638,235.1107,0.0731,0.7098
2013-12-23T00:52:59.063Z,1284.0938,1362.6936,231.2205,5.8966,0.8844,1781.6545,1914.111,230.5785,8.3027,0.9308,1383.0174,1426.3541,234.0549,6.0962,0.956
2013-12-23T00:53:59.250Z,1375.477,1435.2669,231.2562,6.2062,0.96,1870.5065,2008.2741,230.1841,8.7246,0.9314,1472.9201,1521.2799,233.8473,6.5053,0.97
2013-12-23T00:54:59.345Z,1393.6917,1457.9218,231.2223,6.3059,0.9582,1896.3371,2039.0722,230.0836,8.8624,0.93,1486.1912,1542.5697,233.6907,6.6007,0.9629
2013-12-23T00:55:59.486Z,1405.8108,1472.0416,231.2325,6.366,0.9556,1925.5665,2071.3925,230.1395,9.0002,0.9296,1493.866,1558.8261,233.5434,6.6747,0.96
2013-12-23T00:56:59.577Z,1426.5508,1496.8573,231.5298,6.4648,0.9501,1929.4961,2089.5561,230.2002,9.0766,0.9234,1512.3062,1579.9249,233.9946,6.7524,0.9598
2013-12-23T00:57:59.674Z,1419.0911,1507.062,229.1657,6.5762,0.9423,1917.4606,2071.5866,230.6738,8.9806,0.9256,1554.2209,1620.8828,234.8628,6.9012,0.96
2013-12-23T00:58:59.795Z,1419.4326,1515.3538,228.7459,6.6249,0.9366,1924.1296,2077.8937,230.8384,9.0011,0.926,1574.8557,1644.5586,234.866,7.0021,0.9584
2013-12-23T00:59:59.902Z,1442.0917,1526.2692,231.3812,6.5963,0.9447,1961.3919,2128.4774,230.3076,9.2424,0.9215,1558.7676,1638.9691,234.2596,6.9959,0.95
2013-12-23T01:00:59.031Z,1446.1332,1537.5505,230.426,6.6729,0.94,1957.7375,2127.9755,229.6525,9.2656,0.92,1556.562,1641.4129,233.2873,7.0354,0.95
2013-12-23T01:01:59.436Z,1452.7468,1549.5988,230.2392,6.7304,0.9397,1953.0978,2127.5575,229.0048,9.2901,0.918,1564.7165,1650.9476,233.2165,7.0789,0.9499
2013-12-23T01:02:59.518Z,1476.2933,1575.3415,230.2103,6.8435,0.9384,1939.8536,2131.7072,228.5308,9.328,0.91,1562.4977,1647.424,232.9162,7.0735,0.95
2013-12-23T01:03:59.597Z,1485.1441,1588.1773,230.2476,6.8977,0.935,1951.3845,2144.3786,228.6985,9.3762,0.91,1573.6101,1661.7978,232.6366,7.1436,0.9493
2013-12-23T01:04:59.849Z,1491.2528,1596.6083,229.9723,6.943,0.9332,1965.7157,2160.3646,228.7747,9.4431,0.9099,1581.2309,1674.5371,232.826,7.1924,0.9444
2013-12-23T01:05:59.028Z,1496.1258,1605.5699,229.8358,6.9852,0.93,1973.1626,2178.1241,228.4305,9.5354,0.9059,1585.2601,1686.3231,232.4502,7.2542,0.94
2013-12-23T01:06:59.187Z,1490.3545,1603.3522,229.5109,6.9863,0.9304,1970.9366,2170.157,228.4333,9.4998,0.9082,1590.5978,1691.1915,232.3673,7.2782,0.9404
2013-12-23T01:07:59.416Z,1487.2895,1588.64,229.9185,6.91,0.9383,1936.2024,2144.6637,227.8379,9.413,0.9028,1556.1183,1648.5964,232.4754,7.0916,0.9425
2013-12-23T01:08:59.603Z,1503.3965,1608.0859,230.1397,6.9874,0.9349,1935.7156,2150.7951,227.2485,9.4651,0.9,1558.1089,1651.8142,232.3834,7.1083,0.941
2013-12-23T01:09:59.653Z,1490.5009,1602.337,229.8964,6.97,0.9305,1963.8099,2167.3214,228.7807,9.4733,0.9061,1593.4735,1692.4238,232.7365,7.2716,0.94
2013-12-23T01:10:59.811Z,515.2329,567.5705,231.6067,2.4683,0.1515,696.2985,873.6493,231.0939,3.8026,0.797,557.2317,595.8667,234.0553,2.5601,0.7822
2013-12-23T01:11:59.254Z,-3.0198,11.8873,233.1691,0.0508,-0.2534,8.7019,17.2555,231.8559,0.0737,0.5043,12.4159,17.6705,234.6858,0.0746,0.7027
2013-12-23T01:12:59.304Z,-2.9499,11.9226,232.7755,0.0515,-0.2466,8.6665,17.2399,232.1087,0.0741,0.5027,12.4224,17.6506,234.6491,0.0743,0.7038
2013-12-23T01:13:59.429Z,-2.836,11.7823,230.7098,0.0509,-0.2402,8.2684,17.0623,232.4956,0.0728,0.4846,12.5571,17.8373,235.1269,0.0756,0.7039
2013-12-23T01:14:59.532Z,-2.9774,11.8068,230.404,0.0506,-0.2514,8.3207,17.0262,233.0254,0.072,0.4887,12.5066,17.8198,235.3993,0.0759,0.7026
2013-12-23T01:15:59.008Z,-3.0481,11.9532,231.7785,0.051,-0.2543,8.5074,17.1623,233.0073,0.0727,0.4957,12.4351,17.7863,234.6775,0.0752,0.7001
2013-12-23T01:16:59.102Z,-3.0016,11.8935,231.7088,0.0511,-0.2506,8.4222,17.2093,232.5557,0.0727,0.4894,12.423,17.6539,234.7609,0.0743,0.7038
2013-12-23T01:17:59.447Z,-2.9071,11.7455,231.9635,0.0506,-0.2465,8.5097,17.0364,232.4207,0.0728,0.4995,12.5389,17.7705,234.8827,0.0752,0.7063
2013-12-23T01:18:59.557Z,-2.9436,11.8327,232.3514,0.051,-0.2476,8.6543,17.1236,232.0096,0.0732,0.5054,12.396,17.7165,234.1713,0.0757,0.7004
2013-12-23T01:19:59.640Z,-2.9689,11.8905,232.6399,0.0507,-0.2487,8.5979,17.165,231.8905,0.073,0.5009,12.5094,17.664,234.096,0.0754,0.7079
2013-12-23T01:20:59.753Z,-3.5248,12.5599,232.8309,0.054,-0.2783,8.6864,17.2315,231.8947,0.0736,0.5041,12.3784,17.5419,233.4398,0.0745,0.7064
2013-12-23T01:21:59.960Z,-4.0161,13.4344,233.2745,0.0586,-0.2988,8.5955,17.1122,231.6083,0.0731,0.5023,12.3674,17.5532,233.0524,0.0744,0.7051
2013-12-23T01:22:59.022Z,-4.0647,13.4888,233.6383,0.0582,-0.3008,8.6430,17.248,232.144,0.0738,0.5011,12.2739,17.4457,232.8232,0.0737,0.7034
2013-12-23T01:23:59.435Z,-4.0239,13.3161,233.5967,0.0577,-0.3006,8.6401,17.16,232.3187,0.0731,0.5035,12.3451,17.5431,232.8825,0.0742,0.7043
2013-12-23T01:24:59.550Z,-4.0917,13.4021,233.3854,0.0577,-0.3047,8.5428,17.1336,232.4273,0.0728,0.4986,12.3452,17.5505,232.9488,0.0745,0.7047
2013-12-23T01:25:59.701Z,-3.9134,13.286,233.3229,0.0577,-0.2933,8.7134,17.2303,232.513,0.0733,0.5057,12.3339,17.4922,232.8084,0.0748,0.7056
2013-12-23T01:26:59.772Z,-4.0898,13.4356,233.3824,0.0578,-0.303,8.6892,17.2713,232.2693,0.0733,0.5031,12.432,17.5581,233.1395,0.0749,0.7081
2013-12-23T01:27:59.972Z,-3.9583,13.272,233.5487,0.0573,-0.2974,8.5391,17.1399,231.6989,0.0734,0.4982,12.3893,17.4886,232.8882,0.0744,0.7084
2013-12-23T01:28:59.024Z,-4.0023,13.5232,233.2861,0.0584,-0.295,8.5877,17.0391,231.7818,0.0724,0.504,12.3386,17.4761,232.9271,0.074,0.7066
2013-12-23T01:29:59.081Z,-3.9522,13.4196,232.8518,0.0579,-0.2933,8.5743,17.087,231.8399,0.073,0.5018,12.3766,17.5207,233.3417,0.0738,0.7068
2013-12-23T01:30:59.156Z,-3.6105,12.8202,232.6544,0.0554,-0.2787,8.5251,17.212,232.3911,0.0732,0.4953,12.3468,17.5416,233.7053,0.0747,0.7039
2013-12-23T01:31:59.279Z,-3.0121,11.9395,232.8715,0.0511,-0.2523,8.6746,17.2595,232.5551,0.0738,0.5026,12.4951,17.7489,234.4782,0.0757,0.7036
2013-12-23T01:32:59.364Z,-2.9408,11.8724,233.0234,0.0511,-0.2461,8.7043,17.1954,232.0445,0.0734,0.5062,12.4644,17.74,234.5091,0.0749,0.7027
2013-12-23T01:33:59.499Z,-3.0799,11.9969,232.9199,0.0515,-0.2567,8.6071,17.132,232.0467,0.0731,0.5024,12.5351,17.6871,234.5498,0.0748,0.7085
2013-12-23T01:34:59.645Z,-3.114,12.0818,232.7789,0.0515,-0.257,8.7046,17.1891,232.3871,0.0731,0.5064,12.5033,17.6807,234.6073,0.0745,0.7069
2013-12-23T01:35:59.704Z,-2.9281,11.7033,232.6962,0.0504,-0.2487,8.6063,17.1031,233.2915,0.0722,0.5032,12.4671,17.7284,234.6594,0.075,0.7032
2013-12-23T01:36:59.789Z,-2.8759,11.7405,233.4802,0.05,-0.2443,8.6696,17.1066,232.9432,0.0721,0.5068,12.4022,17.5724,234.6674,0.0731,0.706
2013-12-23T01:37:59.110Z,-2.8954,11.8551,233.6553,0.0506,-0.243,8.7096,17.0209,232.2915,0.0724,0.5117,12.4816,17.6777,234.4952,0.0745,0.7063
2013-12-23T01:38:59.474Z,-2.8273,11.79,233.5659,0.0503,-0.2397,8.6538,17.0384,232.4101,0.0723,0.5079,12.4097,17.6396,234.5852,0.0745,0.7035
2013-12-23T01:39:59.535Z,-2.7701,11.6047,233.1105,0.0499,-0.2378,8.4531,16.8388,231.9778,0.0715,0.502,12.4715,17.7283,234.7747,0.0751,0.704
2013-12-23T01:40:59.635Z,-2.5998,11.5203,232.5237,0.0495,-0.224,8.5972,16.9503,232.361,0.0723,0.5072,12.3328,17.5573,234.0286,0.0734,0.7034
2013-12-23T01:41:59.729Z,-2.8668,11.565,232.4815,0.0498,-0.2466,8.3969,16.8039,231.9589,0.0717,0.4997,12.4139,17.5729,233.6388,0.074,0.7069
2013-12-23T01:42:59.816Z,-3.6532,12.8093,232.6698,0.0549,-0.2837,8.3597,16.7697,230.965,0.0718,0.4985,12.2354,17.3487,232.5224,0.0726,0.7055
2013-12-23T01:43:59.964Z,-3.7416,13.0202,232.2724,0.0564,-0.2861,8.2886,16.6138,231.2178,0.0707,0.4989,12.2868,17.4031,233.1169,0.0726,0.7065
2013-12-23T01:44:59.291Z,-3.6411,12.6878,229.5563,0.0555,-0.2865,7.9415,16.4658,231.3488,0.0704,0.4823,12.3884,17.5448,234.8887,0.0731,0.7059
2013-12-23T01:45:59.378Z,-3.0671,11.881,230.9567,0.0519,-0.2567,8.2139,16.7154,232.408,0.071,0.4914,12.3639,17.5388,234.8844,0.0728,0.7052
2013-12-23T01:46:59.554Z,-2.7815,11.5679,232.2267,0.0497,-0.2384,8.3983,16.8336,232.7276,0.0714,0.4989,12.444,17.6624,235.328,0.0745,0.7037
2013-12-23T01:47:59.610Z,-2.699,11.5514,232.4186,0.049,-0.2337,8.4689,16.7767,232.3297,0.0711,0.5048,12.4483,17.6057,235.3363,0.0733,0.7076
2013-12-23T01:48:59.658Z,-2.6074,11.5621,232.2609,0.0497,-0.2244,8.5611,16.8891,232.0927,0.0721,0.5069,12.3956,17.6371,235.5329,0.074,0.703
2013-12-23T01:49:59.726Z,-2.8329,11.578,232.2527,0.0503,-0.2437,8.6095,16.7793,231.8634,0.0712,0.5131,12.4301,17.617,235.4277,0.0727,0.7054
2013-12-23T01:50:59.054Z,-2.7004,11.4704,232.2244,0.0492,-0.2349,8.5998,16.8822,231.9751,0.0717,0.5094,12.4654,17.556,235.1823,0.0731,0.7103
2013-12-23T01:51:59.136Z,-2.5538,11.414,232.9226,0.0493,-0.2232,8.5345,16.7771,232.1854,0.0712,0.5087,12.3564,17.5937,235.221,0.073,0.702
2013-12-23T01:52:59.188Z,-2.5849,11.2197,232.8268,0.0487,-0.2295,8.4765,16.6566,232.2983,0.0709,0.5089,12.3806,17.4995,234.9374,0.0722,0.7073
2013-12-23T01:53:59.268Z,-2.4724,11.2154,232.9233,0.0487,-0.2193,8.4257,16.5828,232.2397,0.0703,0.5081,12.3662,17.5654,235.0364,0.0723,0.7046
2013-12-23T01:54:59.610Z,-3.1291,12.1947,233.7171,0.0523,-0.2547,8.4468,16.5008,231.458,0.0706,0.5119,12.2391,17.3549,233.7187,0.0718,0.7056
2013-12-23T01:55:59.731Z,-3.5538,12.7022,233.9639,0.0538,-0.2795,8.5089,16.4646,231.1102,0.07,0.5168,12.1878,17.289,233.2837,0.0716,0.7048
2013-12-23T01:56:59.403Z,-3.5782,12.7515,233.8011,0.054,-0.2792,8.4549,16.446,230.6065,0.0704,0.5141,12.1925,17.3409,233.6519,0.0718,0.7038
2013-12-23T01:57:59.486Z,-3.389,12.3982,232.7798,0.0527,-0.2723,8.2497,16.3264,230.8995,0.0709,0.5053,12.1982,17.4261,233.8536,0.0723,0.7004
2013-12-23T01:58:59.533Z,-3.488,12.5396,233.5634,0.0531,-0.2768,8.3795,16.3438,230.7607,0.0705,0.5127,12.1989,17.3044,233.461,0.0718,0.7055
2013-12-23T01:59:59.655Z,-2.9416,11.735,233.0343,0.0502,-0.2478,8.3131,16.3001,231.3832,0.0704,0.51,12.2762,17.3253,233.4597,0.0719,0.7082
2013-12-23T02:00:59.856Z,-2.625,11.2385,232.9687,0.0488,-0.2324,8.4773,16.5669,232.4686,0.0704,0.5117,12.2772,17.3931,233.0355,0.0734,0.7064
2013-12-23T02:01:59.324Z,-3.2792,12.313,233.4208,0.0525,-0.2642,8.3867,16.4317,231.4788,0.0703,0.5104,12.1545,17.2733,232.258,0.0723,0.704
2013-12-23T02:02:59.473Z,-3.4239,12.3201,233.115,0.0524,-0.2777,8.2114,16.3118,231.6747,0.0702,0.5034,12.1587,17.1815,231.6405,0.0714,0.7079
2013-12-23T02:03:59.572Z,-3.45,12.53,233.1881,0.0533,-0.2748,8.2589,16.3414,231.8889,0.0709,0.5054,12.1685,17.1612,232.14,0.071,0.7091
2013-12-23T02:04:59.801Z,-3.4524,12.5535,233.6244,0.0536,-0.2737,8.4109,16.3669,231.6984,0.0701,0.5139,12.1471,17.1853,232.3086,0.0712,0.7066
2013-12-23T02:05:59.918Z,-3.5669,12.5773,233.4112,0.0534,-0.2833,8.1264,16.2009,231.4473,0.0698,0.5016,12.2745,17.2838,233.0777,0.072,0.7104
2013-12-23T02:06:59.010Z,-3.5562,12.6067,233.7145,0.0537,-0.2801,8.3822,16.4679,231.1542,0.0708,0.509,12.173,17.3495,233.7142,0.0716,0.7018
2013-12-23T02:07:59.072Z,-3.3472,12.3937,233.5319,0.0527,-0.2693,8.4542,16.435,231.0355,0.0704,0.5144,12.2271,17.3383,233.4407,0.0721,0.7052
2013-12-23T02:08:59.207Z,-3.598,12.7936,233.6349,0.0544,-0.2798,8.2668,16.3247,230.7347,0.0702,0.5064,12.1173,17.3237,233.5397,0.0713,0.6997
2013-12-23T02:09:59.418Z,-3.5196,12.5467,233.5249,0.0531,-0.2789,8.3875,16.3947,230.6919,0.0703,0.5116,12.205,17.35,233.4288,0.0721,0.7036
2013-12-23T02:10:59.474Z,-3.3095,12.3416,230.7148,0.0534,-0.2666,7.8630,16.0699,230.7847,0.0701,0.4893,12.2036,17.3439,234.0374,0.0719,0.7039
2013-12-23T02:11:59.643Z,-3.5597,12.6301,232.4368,0.0544,-0.2806,8.0967,16.2453,230.8991,0.0703,0.4984,12.2183,17.2227,232.6428,0.0714,0.7099
2013-12-23T02:12:59.770Z,-3.5731,12.6056,233.0941,0.0536,-0.2824,8.3212,16.4094,231.7949,0.0703,0.5071,12.145,17.1215,231.5721,0.0713,0.7091
2013-12-23T02:13:59.827Z,-3.5244,12.636,232.8482,0.0537,-0.2784,8.2385,16.2978,231.8664,0.0702,0.5055,12.1467,17.2402,231.7685,0.0721,0.705
2013-12-23T02:14:59.930Z,-3.5411,12.607,232.9258,0.0534,-0.2803,8.2432,16.3265,231.6461,0.0703,0.5049,12.1222,17.1451,231.4689,0.0716,0.7068
2013-12-23T02:15:59.111Z,-3.4753,12.5362,233.4994,0.0538,-0.2767,8.3347,16.3714,231.2833,0.0706,0.5091,12.0515,17.1223,231.5815,0.0713,0.704
2013-12-23T02:16:59.450Z,-3.5285,12.7035,233.968,0.054,-0.2772,8.4460,16.496,231.0263,0.0705,0.512,12.0244,17.2548,231.9899,0.0724,0.6974
2013-12-23T02:17:59.566Z,-3.5513,12.6619,234.029,0.0538,-0.279,8.5167,16.5181,231.0731,0.0704,0.5156,12.0514,17.1829,231.9183,0.0715,0.7015
2013-12-23T02:18:59.769Z,-3.4869,12.6205,233.8157,0.0531,-0.2752,8.3043,16.3438,230.7852,0.0705,0.5081,12.1748,17.3283,233.1397,0.0715,0.7037
2013-12-23T02:19:59.883Z,-3.4994,12.6548,233.5077,0.0537,-0.2755,8.3882,16.4766,230.8468,0.0705,0.5091,12.1253,17.2563,232.7697,0.0721,0.7023
2013-12-23T02:20:59.994Z,-3.6256,12.6736,232.9314,0.0548,-0.2856,8.1343,16.178,231.1895,0.0698,0.5028,12.2279,17.258,232.9027,0.0711,0.7088
2013-12-23T02:21:59.070Z,-3.487,12.6533,233.0461,0.0543,-0.275,8.2256,16.2755,230.9573,0.07,0.5054,12.2648,17.2863,233.3207,0.0712,0.7097
2013-12-23T02:22:59.211Z,-3.4882,12.5764,233.5161,0.0536,-0.2768,8.2553,16.257,230.1913,0.0704,0.5078,12.169,17.3055,232.9877,0.0719,0.703
2013-12-23T02:23:59.276Z,-3.453,12.6563,233.5506,0.0543,-0.2717,8.2623,16.2357,229.561,0.0705,0.5089,12.2123,17.3222,233.0626,0.0717,0.7054
2013-12-23T02:24:59.402Z,-3.3461,12.545,234.4481,0.0528,-0.2661,8.5197,16.3621,227.821,0.071,0.5207,12.1912,17.294,233.2649,0.0715,0.7046
2013-12-23T02:25:59.457Z,-3.3484,12.6647,234.3268,0.0537,-0.2637,8.4156,16.3219,229.4264,0.0704,0.5156,12.0646,17.1947,231.9578,0.0717,0.7019
2013-12-23T02:26:59.667Z,-3.481,12.5555,233.9489,0.0534,-0.276,8.4690,16.3526,229.1422,0.0704,0.5179,12.0772,17.2295,231.5068,0.0721,0.7017
2013-12-23T02:27:59.768Z,-3.4789,12.5636,233.0752,0.0535,-0.2769,8.2332,16.2166,229.3716,0.0704,0.5077,12.1023,17.1061,230.6665,0.0718,0.7076
2013-12-23T02:28:59.860Z,-3.506,12.6699,232.1363,0.0547,-0.2761,8.0062,16.0285,229.7687,0.07,0.4995,12.1026,17.0435,230.4993,0.0714,0.7099
2013-12-23T02:29:59.975Z,-3.5362,12.6016,232.0759,0.0545,-0.2797,8.1423,16.2262,230.5289,0.0701,0.5018,12.0707,17.0699,230.5818,0.0713,0.707
2013-12-23T02:30:59.076Z,-3.4471,12.42,231.8707,0.0533,-0.2765,8.0993,16.1502,230.0411,0.0701,0.5015,12.0359,17.1765,231.4235,0.0717,0.7012
2013-12-23T02:31:59.204Z,-3.4449,12.4924,232.4727,0.0529,-0.2744,8.0896,16.0254,229.6859,0.0698,0.5048,12.1457,17.1789,231.6822,0.0714,0.7066
2013-12-23T02:32:59.369Z,-3.5184,12.4826,232.4488,0.0535,-0.2811,8.0946,16.1118,229.7173,0.0701,0.5024,12.1562,17.1509,231.4193,0.0718,0.7088
2013-12-23T02:33:59.822Z,-3.4855,12.6274,232.6548,0.0539,-0.2754,8.1572,16.1817,229.6887,0.0706,0.5041,12.1392,17.2047,231.9963,0.0712,0.7055
2013-12-23T02:34:59.906Z,-3.5068,12.5524,233.0794,0.0533,-0.2791,8.1937,16.1484,229.6526,0.0701,0.5074,12.0832,17.1946,231.8314,0.0718,0.7033
2013-12-23T02:35:59.436Z,-3.3884,12.4815,232.7633,0.0533,-0.2708,8.2539,16.1682,229.5394,0.07,0.5105,12.0571,17.1791,231.8012,0.0713,0.7026
2013-12-23T02:36:59.504Z,-3.5598,12.5439,232.2746,0.0532,-0.283,8.1166,16.0852,228.4664,0.0702,0.5046,12.0551,17.161,232.2344,0.0711,0.7027
2013-12-23T02:37:59.624Z,-3.4337,12.5203,232.5728,0.0538,-0.2729,8.1229,16.0786,228.2738,0.0706,0.5052,12.1459,17.2012,232.3353,0.0713,0.7061
2013-12-23T02:38:59.726Z,-3.3274,12.3763,232.2452,0.053,-0.2675,8.0888,16.027,228.3046,0.07,0.5047,12.1512,17.229,232.3414,0.0717,0.7055
2013-12-23T02:39:59.183Z,-3.5255,12.5129,232.4868,0.0537,-0.2806,8.2042,16.0804,228.7099,0.0701,0.5102,12.1587,17.2906,232.4439,0.0714,0.7041
2013-12-23T02:40:59.247Z,-3.4524,12.4138,232.018,0.0528,-0.2771,8.1379,16.1916,228.801,0.0707,0.5026,12.1584,17.2622,233.1319,0.0714,0.7046
2013-12-23T02:41:59.419Z,-3.3912,12.4784,232.856,0.0526,-0.2712,8.1698,16.0727,228.7905,0.0701,0.5083,12.1735,17.1888,232.3854,0.0713,0.7074
2013-12-23T02:42:59.505Z,-3.4741,12.5736,232.6086,0.0537,-0.2759,8.1630,16.1261,229.441,0.07,0.5062,12.1486,17.1838,231.8151,0.0717,0.707
2013-12-23T02:43:59.573Z,-3.5112,12.5537,233.5338,0.0531,-0.2793,8.3065,16.23,229.4683,0.0704,0.5118,12.0431,17.1954,231.7095,0.0716,0.7007
2013-12-23T02:44:59.738Z,-3.4817,12.5205,233.4061,0.0532,-0.2772,8.2510,16.2613,229.2712,0.0703,0.5074,12.0891,17.1024,231.3517,0.0706,0.7068
2013-12-23T02:45:59.864Z,-3.4872,12.5078,233.1201,0.0528,-0.2783,8.0970,16.1295,229.068,0.0703,0.502,12.0711,17.1366,232.0817,0.0707,0.7046
2013-12-23T02:46:59.352Z,-3.2937,12.4451,233.1149,0.0528,-0.2644,8.2348,16.239,229.0175,0.0703,0.5071,12.1135,17.2284,232.7132,0.0716,0.7032
2013-12-23T02:47:59.465Z,-3.4483,12.3386,232.7913,0.0523,-0.2781,8.2100,16.1583,228.8648,0.0703,0.5081,12.1334,17.1715,232.2024,0.0707,0.7071
2013-12-23T02:48:59.605Z,-3.3768,12.5017,232.5946,0.0535,-0.2697,8.0610,16.1187,228.3849,0.0705,0.5001,12.1102,17.1569,232.0909,0.0712,0.7059
2013-12-23T02:49:59.792Z,-3.437,12.3483,232.7176,0.0521,-0.2771,8.0397,15.9422,227.8763,0.0701,0.5043,12.1411,17.1453,231.8898,0.0713,0.7079
2013-12-23T02:50:59.884Z,-3.504,12.6524,232.9185,0.0543,-0.2765,8.1717,16.0638,228.2338,0.07,0.5087,12.1312,17.1173,232.1037,0.0706,0.7082
2013-12-23T02:51:59.157Z,-3.3764,12.5027,232.7523,0.0532,-0.269,8.1825,16.2545,228.6987,0.0701,0.5034,12.1638,17.2496,232.5523,0.0715,0.7057
2013-12-23T02:52:59.333Z,-3.2103,12.1511,232.6277,0.0519,-0.2623,8.1652,16.156,229.4616,0.0699,0.5054,12.2089,17.3367,233.1477,0.0719,0.7051
2013-12-23T02:53:59.406Z,-3.4231,12.4965,232.3516,0.0531,-0.2731,8.0492,16.1533,229.5886,0.07,0.4983,12.1942,17.2563,232.961,0.0716,0.7069
2013-12-23T02:54:59.517Z,-3.4634,12.4735,231.5831,0.0531,-0.2772,8.0227,16.2009,230.9239,0.0699,0.4952,12.169,17.214,232.6247,0.0712,0.7071
2013-12-23T02:55:59.644Z,-3.4989,12.5883,231.3268,0.0538,-0.2771,7.8617,15.9921,231.0357,0.0697,0.4916,12.1915,17.228,232.5228,0.0717,0.7079
2013-12-23T02:56:59.751Z,-3.3752,12.4486,231.5155,0.0532,-0.2704,7.9682,16.0552,230.8846,0.0698,0.4963,12.244,17.3099,232.8709,0.0716,0.7071
2013-12-23T02:57:59.501Z,-3.402,12.3749,231.4289,0.0531,-0.2738,8.0824,16.2037,230.836,0.0701,0.4988,12.1413,17.2701,232.8988,0.0714,0.7033
2013-12-23T02:58:59.597Z,-3.4871,12.4817,231.1138,0.0536,-0.2784,7.9233,16.1535,230.4916,0.0703,0.4905,12.1816,17.2448,233.1081,0.0714,0.7063
2013-12-23T02:59:59.689Z,327.5466,350.7743,230.5063,1.5343,0.0413,512.8337,663.0041,230.3966,2.8862,0.7735,393.1292,408.2499,232.5743,1.7583,0.7816
2013-12-23T03:00:59.810Z,1267.4628,1325.2366,228.1304,5.8091,0.9561,1798.6526,1910.8176,229.2187,8.3359,0.9413,1422.8394,1466.9534,231.7429,6.3302,0.97
2013-12-23T03:01:59.998Z,1254.8549,1312.7652,227.8545,5.762,0.9573,1790.6648,1903.9498,229.0209,8.314,0.9405,1419.1563,1464.6426,231.5951,6.3241,0.97
2013-12-23T03:02:59.110Z,1264.1819,1322.7774,227.8204,5.806,0.9569,1794.7354,1909.293,228.9741,8.338,0.94,1420.9768,1467.8091,231.5826,6.3378,0.97
2013-12-23T03:03:59.252Z,1261.0869,1322.6518,227.6117,5.8113,0.9513,1811.3342,1926.9513,229.4774,8.3972,0.94,1425.7701,1480.2953,230.4062,6.4248,0.9605
2013-12-23T03:04:59.452Z,1265.9564,1329.6667,227.6804,5.8398,0.95,1824.9344,1941.4196,229.5202,8.4584,0.94,1430.1491,1489.4575,230.098,6.473,0.96
2013-12-23T03:05:59.556Z,1278.8687,1342.5095,228.1578,5.8842,0.9502,1833.4057,1950.6391,229.5581,8.4977,0.9399,1436.5418,1495.8669,230.4067,6.4923,0.96
2013-12-23T03:06:59.912Z,1279.7796,1351.3615,227.3954,5.9426,0.95,1817.4079,1937.9483,229.1745,8.4562,0.9378,1451.9769,1510.1415,230.8625,6.5414,0.9602
2013-12-23T03:07:59.588Z,1302.6821,1372.0686,227.7108,6.0256,0.9509,1807.4527,1943.2886,228.5649,8.5015,0.9301,1445.4562,1502.3114,231.3429,6.4936,0.96
2013-12-23T03:08:59.717Z,1316.9532,1385.3222,228.2756,6.0689,0.95,1809.7227,1946.1477,228.1325,8.5306,0.9299,1441.3209,1497.4574,231.1581,6.4778,0.9624
2013-12-23T03:09:59.964Z,1324.1389,1397.1317,228.1634,6.1234,0.95,1794.7863,1934.871,227.6765,8.498,0.9276,1445.3811,1499.1327,231.1656,6.4852,0.9626
2013-12-23T03:10:59.132Z,1318.7386,1392.9137,228.3245,6.1011,0.9487,1796.3792,1932.006,227.7386,8.4831,0.9298,1454.5032,1507.9909,231.4665,6.5148,0.9642
2013-12-23T03:11:59.207Z,1314.1341,1389.7724,228.333,6.0866,0.9459,1801.1529,1936.9318,227.9023,8.4993,0.9299,1457.7126,1513.9164,230.9434,6.5558,0.9605
2013-12-23T03:12:59.363Z,1320.2361,1397.1473,228.248,6.121,0.9452,1796.4744,1934.3969,227.8326,8.4908,0.9287,1459.2359,1514.3855,231.107,6.5528,0.9619
2013-12-23T03:13:59.609Z,1291.4936,1363.2234,227.8579,5.9829,0.9464,1788.5835,1916.2026,228.4648,8.3872,0.9334,1449.5187,1502.4555,231.162,6.4992,0.9647
2013-12-23T03:14:59.671Z,1281.6866,1345.9163,228.1202,5.9,0.95,1774.1425,1905.2218,228.2109,8.3484,0.9312,1425.2142,1476.8441,231.0094,6.393,0.9655
2013-12-23T03:15:59.079Z,1301.8482,1365.6788,228.5305,5.9755,0.9521,1781.2366,1915.3082,227.9551,8.4022,0.93,1420.4547,1472.4093,231.1898,6.3689,0.9644
2013-12-23T03:16:59.636Z,1309.0435,1374.3645,228.4396,6.0163,0.95,1779.4208,1916.8596,227.7604,8.4165,0.9283,1418.9686,1471.3659,231.1942,6.3641,0.9631
2013-12-23T03:17:59.787Z,1317.8184,1379.7301,228.6837,6.0333,0.9553,1766.2879,1915.0904,227.4644,8.4192,0.9223,1407.3919,1457.7624,231.2381,6.3038,0.9661
2013-12-23T03:18:59.861Z,1342.3952,1407.1633,228.8859,6.1477,0.9515,1764.0225,1920.129,226.712,8.4696,0.9187,1410.64,1460.3772,231.6605,6.3036,0.9679
2013-12-23T03:19:59.973Z,1350.2394,1417.4034,228.8749,6.1934,0.95,1764.4405,1923.7249,226.6988,8.4858,0.9172,1411.7359,1462.1548,231.2925,6.3215,0.9663
2013-12-23T03:20:59.383Z,1345.3287,1414.3093,228.67,6.1853,0.95,1752.8538,1907.5566,226.3671,8.4267,0.9189,1417.2419,1464.6468,231.4854,6.3273,0.97
2013-12-23T03:21:59.615Z,1337.8796,1410.3134,228.8932,6.1616,0.95,1766.2011,1919.7838,226.5268,8.4745,0.92,1430.9387,1482.9928,231.5,6.4058,0.9647
2013-12-23T03:22:59.701Z,1339.2525,1415.9213,228.9348,6.1849,0.9472,1766.2539,1919.8412,226.4027,8.4803,0.92,1439.0643,1491.63,231.4282,6.445,0.9646
2013-12-23T03:23:59.828Z,1347.8294,1425.69,228.9565,6.2267,0.9461,1770.6861,1924.6588,226.6026,8.4937,0.92,1445.9353,1498.3103,231.6444,6.4683,0.9657
2013-12-23T03:24:59.153Z,1341.6708,1418.4655,228.679,6.2029,0.9476,1785.7864,1941.2832,226.8689,8.5566,0.9199,1439.1542,1498.4533,230.8689,6.4903,0.9603
2013-12-23T03:25:59.243Z,1333.9613,1411.5284,228.3154,6.1826,0.9457,1792.4263,1948.2895,226.9092,8.586,0.92,1435.1854,1499.1534,230.4218,6.506,0.96
2013-12-23T03:26:59.638Z,1344.2787,1422.7815,228.469,6.2274,0.9453,1784.2426,1942.3499,226.6532,8.5694,0.9186,1440.2605,1500.3618,231.1501,6.4908,0.96
2013-12-23T03:27:59.755Z,1358.1544,1433.212,228.9528,6.2603,0.95,1788.6867,1955.0625,226.7128,8.6233,0.9149,1437.0154,1497.756,231.4122,6.4724,0.96
2013-12-23T03:28:59.822Z,1368.6207,1443.5573,229.0708,6.3022,0.95,1788.3703,1961.7928,226.5896,8.6575,0.9116,1434.9046,1495.831,231.578,6.4597,0.96
2013-12-23T03:29:59.885Z,1383.3837,1458.3089,229.1759,6.3628,0.9499,1785.1218,1961.6723,226.2087,8.672,0.91,1431.6592,1490.8345,231.6422,6.4353,0.96
2013-12-23T03:30:59.086Z,1373.396,1452.042,229.1167,6.3375,0.9475,1780.4592,1956.5486,226.2648,8.6468,0.91,1444.0253,1503.5993,231.7134,6.4891,0.96
2013-12-23T03:31:59.148Z,1370.6267,1453.5005,228.5599,6.359,0.94,1791.3489,1967.4343,226.9651,8.6685,0.9105,1455.9713,1519.1463,231.5115,6.5625,0.96
2013-12-23T03:32:59.290Z,1357.1144,1447.1965,227.7489,6.3541,0.9378,1800.8211,1961.4651,227.4401,8.6241,0.9181,1479.3671,1543.4735,231.9574,6.6539,0.96
2013-12-23T03:33:59.455Z,1337.8436,1432.8249,227.0271,6.3111,0.9318,1797.9529,1954.2966,227.7835,8.5795,0.92,1493.7518,1558.9361,232.14,6.7153,0.96
2013-12-23T03:34:59.519Z,1324.5144,1427.606,226.0868,6.3141,0.928,1789.2378,1944.6123,227.7919,8.5371,0.9201,1505.0234,1571.5192,232.0244,6.7735,0.9599
2013-12-23T03:35:59.973Z,1330.4747,1437.8012,226.1859,6.3565,0.9245,1784.4140,1939.5804,227.5571,8.5235,0.92,1515.0757,1579.5676,232.1871,6.8028,0.96
2013-12-23T03:36:59.038Z,1345.1055,1443.9652,227.1402,6.3566,0.93,1804.8700,1962.2418,227.2553,8.6345,0.9198,1492.0951,1560.5616,231.3933,6.7447,0.9579
2013-12-23T03:37:59.129Z,1355.957,1453.4505,227.7587,6.3815,0.9307,1803.2072,1967.2782,226.8952,8.6705,0.9166,1493.2312,1561.5502,231.5253,6.7439,0.9586
2013-12-23T03:38:59.869Z,1348.9116,1450.791,227.3652,6.3809,0.93,1807.9215,1968.5556,227.6034,8.6491,0.9184,1506.0623,1575.8904,231.3439,6.8117,0.9566
2013-12-23T03:39:59.168Z,1362.3034,1461.7905,227.4071,6.4286,0.93,1800.6813,1975.2976,227.513,8.682,0.9116,1495.434,1565.8181,231.0057,6.7784,0.9554
2013-12-23T03:40:59.511Z,1343.2142,1445.0813,227.3854,6.3552,0.93,1826.7668,1987.3442,227.9103,8.7195,0.9192,1499.7335,1578.0495,230.159,6.8569,0.9508
2013-12-23T03:41:59.634Z,1339.5444,1439.0809,227.4582,6.327,0.93,1842.2807,2002.479,228.2702,8.7722,0.92,1495.6527,1579.6182,229.5954,6.8797,0.9481
2013-12-23T03:42:59.719Z,1319.8332,1426.8738,226.6937,6.2939,0.9244,1845.7101,2002.0719,229.0152,8.7419,0.9219,1516.3834,1604.0299,229.5343,6.9878,0.9459
2013-12-23T03:43:59.918Z,1311.9718,1426.1335,225.741,6.3175,0.9202,1848.2963,1995.3539,229.1627,8.7075,0.9263,1534.699,1621.7488,230.2915,7.0414,0.9484
2013-12-23T03:44:59.041Z,1320.9179,1435.9571,225.7276,6.3613,0.9198,1843.8690,1995.9612,228.8667,8.721,0.9238,1538.0799,1623.5382,230.7901,7.0344,0.9496
2013-12-23T03:45:59.154Z,1336.461,1446.8196,226.521,6.3876,0.9238,1846.8947,2007.4942,228.8195,8.7732,0.92,1531.3961,1616.6663,230.7651,7.0054,0.9489
2013-12-23T03:46:59.338Z,1346.0876,1456.0741,226.9387,6.4158,0.9239,1848.2826,2009.0028,228.6796,8.7851,0.92,1530.9195,1614.4786,230.5714,7.0026,0.95
2013-12-23T03:47:59.906Z,1354.7304,1467.3635,226.672,6.4739,0.9211,1844.7242,2005.7891,228.4156,8.7813,0.9197,1531.0125,1613.9525,230.4169,7.0044,0.95
2013-12-23T03:48:59.004Z,1373.5524,1477.0801,227.8354,6.4834,0.9291,1848.2958,2028.1969,228.3264,8.8829,0.9113,1510.3791,1596.1784,229.8815,6.9432,0.9478
2013-12-23T03:49:59.197Z,1381.9839,1483.8771,227.8515,6.5124,0.93,1853.3454,2036.1958,228.2653,8.9202,0.9102,1502.6696,1590.229,229.4962,6.9291,0.9449
2013-12-23T03:50:59.418Z,1370.1433,1478.2776,227.686,6.4926,0.9276,1855.9312,2030.7815,228.306,8.8952,0.9139,1520.3253,1608.5357,229.6109,7.0053,0.9455
2013-12-23T03:51:59.556Z,1371.485,1483.5885,227.7665,6.5132,0.9233,1853.1403,2029.0598,228.2124,8.891,0.9133,1531.5572,1618.7603,229.6703,7.0484,0.9482
2013-12-23T03:52:59.938Z,1391.1381,1501.4842,227.9766,6.5865,0.9288,1842.8815,2025.1445,227.1328,8.916,0.91,1517.4766,1602.0168,229.6854,6.9745,0.9498
2013-12-23T03:53:59.230Z,1385.1765,1497.7401,227.8022,6.5744,0.9245,1845.1507,2027.6381,227.5308,8.9118,0.91,1524.0773,1610.1781,229.5712,7.0138,0.9481
2013-12-23T03:54:59.325Z,1381.5966,1493.4241,227.8538,6.5542,0.9253,1858.0998,2041.4192,228.1869,8.9465,0.9102,1532.6671,1622.2276,229.9281,7.0555,0.9446
2013-12-23T03:55:59.409Z,1377.7286,1492.7098,227.789,6.5528,0.9208,1861.2349,2042.3954,228.1559,8.9516,0.9113,1540.3216,1630.9692,229.9947,7.092,0.9437
2013-12-23T03:56:59.779Z,1386.1025,1501.1439,228.0773,6.5815,0.9215,1860.0071,2043.9639,228.1012,8.9602,0.91,1540.6629,1630.416,229.8784,7.0927,0.9452
2013-12-23T03:57:59.923Z,1399.7398,1514.1953,228.2415,6.6342,0.9261,1855.9980,2039.7824,227.1974,8.9784,0.9099,1536.9482,1623.7486,230.3725,7.0483,0.9475
2013-12-23T03:58:59.058Z,1378.2141,1514.5427,224.5999,6.7438,0.9103,1819.2007,1999.1216,227.3553,8.7931,0.91,1569.8912,1651.1984,231.5126,7.1322,0.9501
2013-12-23T03:59:59.106Z,1381.7727,1529.0911,223.2852,6.8482,0.9025,1796.5060,1977.8773,227.1626,8.707,0.9083,1583.7585,1659.926,231.9108,7.1576,0.9527
2013-12-23T04:00:59.452Z,1413.4528,1534.7101,227.9301,6.7331,0.9198,1830.1500,2032.8224,226.4645,8.9767,0.9003,1539.334,1624.1438,230.4051,7.049,0.9494
2013-12-23T04:01:59.547Z,1397.8183,1518.1597,227.2133,6.6813,0.9208,1846.0771,2045.2882,226.4249,9.0332,0.9026,1526.5199,1621.2783,229.5668,7.0621,0.9411
2013-12-23T04:02:59.616Z,1380.5812,1503.0386,226.6948,6.6306,0.9199,1869.8574,2054.7884,227.601,9.0275,0.91,1539.9011,1639.34,229.5006,7.1433,0.94
2013-12-23T04:03:59.769Z,1376.527,1501.6257,226.3999,6.6324,0.919,1869.2858,2054.1602,227.366,9.0348,0.91,1538.2177,1640.259,228.7962,7.169,0.9388
2013-12-23T04:04:59.908Z,1384.816,1507.1724,226.4288,6.6554,0.92,1868.2519,2057.093,227.3217,9.0491,0.9082,1528.7527,1630.8119,228.3081,7.1428,0.9394
2013-12-23T04:05:59.960Z,1394.6325,1516.4276,226.4523,6.6966,0.92,1862.3597,2060.8163,226.988,9.079,0.9037,1529.511,1630.4627,228.7277,7.1286,0.9399
2013-12-23T04:06:59.084Z,1388.2758,1509.5449,226.6699,6.66,0.92,1876.6719,2069.3262,226.9371,9.1185,0.9069,1529.0514,1634.6213,228.5059,7.1536,0.9358
2013-12-23T04:07:59.568Z,1384.9666,1506.0358,226.669,6.6452,0.92,1881.3408,2074.2456,226.8941,9.1415,0.907,1526.7814,1635.2111,228.249,7.1639,0.9316
2013-12-23T04:08:59.761Z,1404.6712,1524.7767,227.019,6.7168,0.92,1876.6948,2073.9251,226.796,9.1444,0.9049,1535.4981,1637.777,229.5102,7.1362,0.9388
2013-12-23T04:09:59.807Z,1407.9011,1528.1616,227.1613,6.7272,0.92,1883.9778,2078.0695,227.1072,9.1501,0.9066,1540.5835,1643.0527,229.6152,7.1554,0.9396
2013-12-23T04:10:59.940Z,1406.0948,1529.896,226.8248,6.7445,0.9191,1880.5142,2072.4203,226.9396,9.1323,0.9074,1546.8043,1647.8237,229.8927,7.1677,0.94
2013-12-23T04:12:59.176Z,1396.1252,1528.1022,225.9662,6.7625,0.914,1869.3787,2063.3319,226.7166,9.101,0.906,1563.1614,1663.7407,230.5053,7.2176,0.94
2013-12-23T04:13:59.298Z,1412.576,1539.9147,226.6682,6.7934,0.9176,1869.1927,2072.7353,226.7846,9.1392,0.9018,1553.0289,1653.0941,230.0599,7.1851,0.9398
2013-12-23T04:14:59.555Z,1426.7625,1547.6683,227.2504,6.8108,0.9213,1873.6169,2085.272,225.4402,9.25,0.8985,1533.0561,1636.6603,230.2343,7.1086,0.9386
2013-12-23T04:15:59.667Z,1431.2514,1550.7645,227.263,6.8231,0.923,1877.3110,2085.6694,224.6139,9.2857,0.9001,1526.4873,1630.1978,230.4873,7.073,0.9384
2013-12-23T04:16:59.018Z,1407.454,1530.0096,226.5066,6.7548,0.92,1906.6543,2098.9149,227.0037,9.246,0.9084,1544.1625,1654.5285,229.8657,7.1979,0.931
2013-12-23T04:17:59.308Z,1408.2627,1535.8767,226.1801,6.7905,0.9169,1893.2981,2090.1944,226.6965,9.2204,0.9058,1552.6095,1660.1855,230.2105,7.2115,0.9357
2013-12-23T04:18:59.485Z,1407.9076,1540.1004,225.549,6.8285,0.9129,1879.2233,2084.5516,226.4732,9.2042,0.9015,1556.2299,1663.8972,230.1116,7.2309,0.9358
2013-12-23T04:19:59.977Z,1420.8801,1549.561,225.609,6.868,0.9187,1879.6714,2088.988,226.1974,9.2352,0.8998,1541.9184,1649.2606,229.8312,7.1761,0.9349
2013-12-23T04:20:59.050Z,1427.4238,1554.6916,225.4773,6.8953,0.92,1873.6248,2087.8369,225.7023,9.2503,0.8974,1529.857,1637.6441,229.3899,7.1391,0.9344
2013-12-23T04:21:59.687Z,1404.8045,1530.8414,225.4941,6.7891,0.92,1893.6631,2104.0701,226.1124,9.3055,0.9,1527.3382,1646.9608,228.401,7.2112,0.929
2013-12-23T04:22:59.838Z,1412.0699,1540.738,225.968,6.8188,0.9182,1893.1520,2103.5022,226.5795,9.2832,0.9,1542.7991,1658.2649,228.7923,7.2477,0.93
2013-12-23T04:23:59.306Z,1411.0582,1542.6689,226.1012,6.8227,0.9145,1890.1539,2100.171,226.5504,9.2707,0.9,1547.4997,1662.5496,228.38,7.2793,0.93
2013-12-23T04:24:59.413Z,1411.688,1540.606,226.7385,6.7945,0.9186,1898.8605,2109.845,226.5599,9.3126,0.9,1545.1839,1662.868,228.0412,7.2924,0.93
2013-12-23T04:25:59.485Z,1410.5043,1541.6195,226.6667,6.8008,0.9145,1898.3085,2109.2317,226.4475,9.3142,0.9,1549.3276,1667.7327,228.1348,7.3104,0.93
2013-12-23T04:26:59.843Z,1401.5515,1532.6447,226.5066,6.7666,0.9138,1916.0096,2117.1377,226.7314,9.3373,0.905,1550.5042,1673.5521,227.9279,7.3421,0.9285
2013-12-23T04:28:59.207Z,1415.4818,1546.6151,226.6039,6.825,0.9156,1902.0807,2113.1882,226.0203,9.3494,0.9001,1544.9974,1664.8268,227.8645,7.3062,0.93
2013-12-23T04:29:59.876Z,1429.7503,1562.0685,226.5615,6.8947,0.9154,1898.1803,2109.558,225.8098,9.3423,0.8998,1546.7927,1661.9972,228.2869,7.28,0.93
2013-12-23T04:30:59.252Z,1432.0205,1562.4729,226.7632,6.8907,0.917,1906.3666,2118.1851,226.2765,9.3612,0.9,1552.4125,1668.6577,228.7252,7.2958,0.93
2013-12-23T04:31:59.754Z,1426.8104,1550.5704,227.1599,6.8263,0.92,1925.0033,2138.4174,226.6211,9.4356,0.9002,1545.112,1668.2052,228.6595,7.2957,0.9271
2013-12-23T04:32:59.249Z,1418.2633,1544.436,227.2091,6.7974,0.92,1939.5816,2142.9473,226.8773,9.4454,0.9051,1553.479,1679.8489,228.6738,7.3464,0.9242
2013-12-23T04:33:59.315Z,1422.8853,1549.6172,226.9824,6.8272,0.9199,1930.2390,2141.6166,226.772,9.4433,0.9013,1550.7221,1676.5432,228.514,7.3368,0.9249
2013-12-23T04:34:59.417Z,1418.8322,1548.0571,226.6526,6.8303,0.918,1926.5133,2140.0948,226.6184,9.4439,0.9002,1553.5453,1681.0212,228.5337,7.3558,0.9232
2013-12-23T04:35:59.522Z,1405.3288,1551.0386,224.5584,6.907,0.9059,1915.3939,2113.4215,227.4249,9.2926,0.9063,1585.8133,1706.3709,229.3112,7.4415,0.9293
2013-12-23T04:36:59.603Z,1394.3074,1548.0296,223.1684,6.9363,0.9,1897.5876,2097.941,226.899,9.246,0.9045,1587.8791,1709.5186,228.9465,7.4669,0.93
2013-12-23T04:37:59.308Z,1397.4172,1551.7527,222.9562,6.9599,0.9,1887.1600,2096.1457,226.6509,9.2486,0.9003,1585.4412,1706.0864,228.8762,7.454,0.93
2013-12-23T04:38:59.498Z,1395.7998,1550.6553,222.7734,6.9611,0.9,1888.4268,2098.252,226.8016,9.2514,0.9,1583.4574,1706.0938,228.5329,7.4655,0.9296
2013-12-23T04:39:59.684Z,1421.3614,1555.952,225.192,6.909,0.9132,1916.6437,2135.2982,226.4072,9.4309,0.8976,1547.5102,1676.3075,227.73,7.3615,0.9211
2013-12-23T04:40:59.964Z,1432.1798,1564.4705,225.5149,6.9379,0.916,1911.6732,2135.7091,225.9242,9.453,0.8951,1537.5248,1664.9414,227.4582,7.3199,0.9221
2013-12-23T04:41:59.360Z,1413.1708,1548.8065,225.1293,6.88,0.9111,1925.5381,2141.3902,226.6115,9.4497,0.8992,1552.186,1685.5204,227.579,7.4063,0.9202
2013-12-23T04:42:59.420Z,1386.3643,1536.7668,223.341,6.881,0.9033,1927.7496,2122.6047,227.3147,9.3379,0.9082,1579.7683,1712.7659,227.9009,7.5157,0.9215
2013-12-23T04:43:59.599Z,1390.4228,1546.4308,223.5967,6.9163,0.8983,1941.1756,2122.1992,229.6483,9.2408,0.9147,1627.6785,1750.6972,229.9068,7.6148,0.9285
2013-12-23T04:44:59.679Z,1410.2921,1551.1163,226.0174,6.8634,0.9084,1984.6914,2160.5611,230.9071,9.3568,0.9186,1631.0016,1755.6196,230.8146,7.6061,0.9291
2013-12-23T04:45:59.759Z,1427.5684,1563.489,227.8052,6.8635,0.9114,1980.1561,2164.8148,230.2298,9.403,0.9147,1629.2914,1749.5924,230.8478,7.579,0.93
2013-12-23T04:46:59.430Z,1418.3465,1548.289,228.6066,6.773,0.9176,2004.8682,2186.5724,230.3886,9.4908,0.9169,1610.1304,1741.802,229.1493,7.601,0.9249
2013-12-23T04:47:59.915Z,1414.4967,1549.6363,228.3167,6.7874,0.9111,2001.7160,2178.3829,230.3086,9.4586,0.9189,1621.7251,1751.1508,229.4087,7.6331,0.9272
2013-12-23T04:48:59.186Z,1407.9542,1558.8666,225.7825,6.9049,0.9018,1970.6678,2147.1647,230.449,9.317,0.9178,1648.3711,1769.7588,230.8857,7.6647,0.93
2013-12-23T04:49:59.268Z,1419.4495,1567.0228,226.0459,6.9323,0.9048,1960.0065,2147.9523,230.0673,9.3368,0.9125,1638.952,1758.2191,230.9312,7.6133,0.9301
2013-12-23T04:50:59.831Z,1438.5727,1568.6467,227.7541,6.8874,0.9196,1985.2147,2181.5546,229.4295,9.5087,0.91,1597.2723,1725.7345,229.6631,7.514,0.9257
2013-12-23T04:51:59.959Z,1438.0933,1569.3261,227.334,6.9029,0.9178,1985.0757,2181.4019,229.3768,9.51,0.91,1606.2823,1733.9543,230.6754,7.5171,0.9284
2013-12-23T04:52:59.095Z,1446.6292,1575.0287,227.6334,6.9191,0.9199,1985.0454,2181.3686,228.3833,9.5513,0.91,1596.8354,1723.7582,231.0252,7.4607,0.9284
2013-12-23T04:53:59.142Z,1480.5005,1600.6914,228.7782,6.9966,0.9263,1956.3545,2178.0834,225.4186,9.663,0.8982,1556.2229,1680.477,230.5796,7.2876,0.9274
2013-12-23T04:54:59.258Z,1450.0282,1585.2898,226.8143,6.9899,0.9151,1949.4965,2159.6283,226.8226,9.5222,0.9027,1586.1691,1710.3196,230.169,7.4304,0.9276
2013-12-23T04:55:59.568Z,1443.5494,1588.0823,225.3044,7.0485,0.91,1929.8812,2144.3124,227.3627,9.4314,0.9,1602.7935,1723.6318,230.4576,7.479,0.93
2013-12-23T04:56:59.925Z,1469.8608,1599.3569,228.2168,7.0085,0.9192,1950.6883,2168.6362,226.6117,9.5701,0.8995,1577.1144,1699.2001,229.7189,7.3963,0.9298
2013-12-23T04:57:59.088Z,1508.5223,1630.1835,229.8797,7.0914,0.9275,1935.1059,2170.6179,224.5884,9.6654,0.8915,1558.9532,1674.1158,230.7424,7.2554,0.93
2013-12-23T04:58:59.197Z,1518.257,1635.2986,230.7565,7.0865,0.9287,1947.4072,2181.2357,225.3647,9.6786,0.8928,1566.7633,1679.2329,231.1399,7.265,0.9313
2013-12-23T04:59:59.328Z,1502.7824,1630.5006,229.8891,7.0927,0.92,1960.8284,2178.2142,228.3828,9.538,0.9002,1617.6019,1725.7159,231.994,7.4382,0.9385
2013-12-23T05:00:59.390Z,1501.8575,1628.8893,229.3537,7.1022,0.9205,1955.2629,2178.8087,227.9248,9.5588,0.8974,1595.9009,1707.6598,230.876,7.3961,0.9343
2013-12-23T05:01:59.516Z,1492.6316,1625.1302,228.629,7.1082,0.9177,1942.4332,2167.4104,227.1195,9.543,0.8962,1597.0924,1710.7871,231.0219,7.4054,0.933
2013-12-23T05:02:59.741Z,1494.7502,1641.5099,226.9702,7.2325,0.91,1892.7622,2126.4602,224.8758,9.4565,0.8901,1608.6152,1711.7457,232.1839,7.3724,0.94
2013-12-23T05:04:59.077Z,1495.7197,1623.4922,229.0393,7.0881,0.9207,1945.0219,2175.8831,226.3057,9.6149,0.8939,1582.0729,1699.4446,230.2183,7.3817,0.9309
2013-12-23T05:05:59.200Z,1489.0065,1612.5614,228.8735,7.0454,0.9219,1969.9257,2191.7286,226.9616,9.6565,0.8988,1577.0939,1701.158,229.8817,7.3997,0.9281
2013-12-23T05:06:59.364Z,1478.0486,1605.8104,228.2934,7.0343,0.9203,1969.4767,2188.3074,227.1222,9.6349,0.9,1584.8199,1710.2658,229.8948,7.4386,0.9266
2013-12-23T05:07:59.639Z,1461.7676,1596.1316,227.8129,7.0067,0.9173,1964.8542,2180.9903,227.4082,9.5904,0.9009,1599.4532,1725.8035,229.6999,7.5134,0.9273
2013-12-23T05:08:59.750Z,1462.0325,1594.8127,227.8255,6.9999,0.9183,1964.6742,2182.9713,226.9821,9.6175,0.9,1584.9671,1715.1671,228.7826,7.497,0.923
2013-12-23T05:09:59.842Z,1499.6104,1623.429,228.2443,7.1127,0.9237,1935.1405,2179.2123,223.6112,9.7461,0.888,1540.1081,1666.5326,229.19,7.2711,0.9226
2013-12-23T05:10:59.990Z,1484.7124,1628.0066,225.8493,7.2085,0.9109,1895.4209,2138.3358,223.7078,9.5591,0.8864,1569.8428,1687.1798,229.6136,7.3483,0.93
2013-12-23T05:11:59.045Z,1466.8041,1606.4713,227.2329,7.0702,0.9148,1950.0542,2168.4134,226.6621,9.5664,0.8993,1592.5092,1717.6795,228.8069,7.5073,0.9277
2013-12-23T05:12:59.187Z,1468.3925,1605.0589,227.8309,7.0447,0.9149,1959.8685,2177.6317,226.3454,9.6208,0.9,1592.8362,1719.5603,229.3561,7.4971,0.928
2013-12-23T05:13:59.301Z,1464.6435,1601.2329,227.579,7.0356,0.9144,1960.2393,2178.7699,226.6587,9.6119,0.8997,1593.3602,1721.3125,229.4363,7.5026,0.9265
2013-12-23T05:14:59.628Z,1483.1066,1614.6274,228.0225,7.081,0.9197,1963.0836,2185.8185,226.7588,9.639,0.8981,1584.7562,1710.0704,229.4839,7.4523,0.9288
2013-12-23T05:15:59.688Z,1485.954,1621.0154,227.8102,7.1162,0.9178,1951.4054,2177.9078,226.7387,9.6055,0.896,1591.9191,1713.5223,229.4878,7.4667,0.93
2013-12-23T05:16:59.884Z,1489.6982,1623.6112,228.2131,7.1144,0.9197,1955.0848,2181.284,226.6296,9.6252,0.8963,1589.9609,1711.8115,229.6543,7.4542,0.93
2013-12-23T05:17:59.970Z,1480.8792,1622.3729,227.3458,7.136,0.9118,1936.0218,2164.1201,226.0737,9.5723,0.8946,1597.9429,1718.5858,229.8403,7.4772,0.9305
2013-12-23T05:18:59.108Z,1466.9452,1629.5474,224.4827,7.2585,0.9,1888.9931,2122.2257,226.0042,9.39,0.8901,1623.798,1735.557,230.2554,7.5374,0.9369
2013-12-23T05:19:59.217Z,1460.7687,1625.2311,224.2198,7.2483,0.8996,1899.2927,2121.8777,226.476,9.3684,0.8951,1630.1932,1742.8205,230.2024,7.5711,0.9359
2013-12-23T05:20:59.271Z,1465.2441,1622.5283,224.4951,7.2271,0.9013,1900.5220,2134.9382,226.3327,9.4328,0.8902,1609.1172,1726.9326,229.4435,7.5264,0.9303
2013-12-23T05:21:59.566Z,1462.8291,1614.5877,224.489,7.1918,0.9068,1914.7957,2148.5589,226.3746,9.4916,0.8912,1594.7867,1719.0522,228.9101,7.5097,0.9286
2013-12-23T05:22:59.681Z,1456.0048,1614.3251,223.4067,7.2263,0.9009,1903.9264,2134.4466,225.8028,9.453,0.892,1600.5477,1722.6661,229.3457,7.5109,0.93
2013-12-23T05:23:59.843Z,1453.5411,1615.1141,222.3278,7.2643,0.9,1892.3164,2126.1982,225.1781,9.442,0.89,1596.1332,1717.7947,229.5519,7.4831,0.93
2013-12-23T05:24:59.926Z,1459.3505,1626.5736,222.6403,7.3051,0.8986,1882.4559,2114.4063,225.1909,9.389,0.8903,1615.6562,1730.0917,230.3575,7.5099,0.9341
2013-12-23T05:25:59.047Z,1450.2708,1615.4221,223.0602,7.2416,0.8979,1899.0201,2125.3722,225.776,9.4136,0.8935,1615.9086,1735.7499,229.9273,7.5492,0.9304
2013-12-23T05:26:59.220Z,1425.3996,1585.8524,222.8098,7.1171,0.8998,1932.2537,2146.9485,226.1298,9.4941,0.9,1598.808,1734.8444,228.5244,7.5912,0.9216
2013-12-23T05:27:59.300Z,1426.4326,1585.0947,222.5653,7.1215,0.8999,1933.8587,2148.9707,226.4385,9.4905,0.8999,1595.7957,1731.9058,228.4285,7.5813,0.9201
2013-12-23T05:28:59.712Z,1428.72,1586.5356,222.7604,7.1218,0.9,1935.3024,2150.5749,226.6066,9.4908,0.8999,1597.7616,1733.1814,228.6102,7.5814,0.9204
2013-12-23T05:29:59.826Z,1431.0674,1591.7745,222.7618,7.1452,0.9,1929.2839,2143.4106,226.9569,9.444,0.9001,1615.4263,1744.6488,229.5352,7.6013,0.9257
2013-12-23T05:30:59.891Z,1422.8433,1585.1079,222.5378,7.1232,0.8976,1916.2559,2127.991,226.6293,9.3896,0.9005,1614.3832,1740.1814,229.649,7.5775,0.9298
2013-12-23T05:31:59.339Z,750.8259,838.9155,224.6627,3.7568,0.3356,1048.3101,1239.1372,227.1302,5.4768,0.846,825.0728,896.2047,229.4881,3.917,0.8133
2013-12-23T05:32:59.010Z,-2.9983,11.5835,226.9103,0.0504,-0.2581,9.4156,19.6118,228.2952,0.0865,0.4801,12.1042,16.9867,230.3397,0.0709,0.7122
2013-12-23T05:33:59.131Z,-3.1404,11.8794,226.8311,0.0512,-0.2635,6.9572,15.0655,228.2679,0.0663,0.4618,12.0507,16.9933,230.4256,0.071,0.709
2013-12-23T05:34:59.400Z,-3.1317,11.7251,226.3601,0.0512,-0.2662,6.8714,15.0523,228.577,0.0664,0.4565,12.0246,17.044,230.4489,0.0712,0.7057
2013-12-23T05:35:59.623Z,-3.0702,11.6528,226.2671,0.0516,-0.2628,6.9586,15.0424,227.8207,0.0661,0.4626,12.0951,17.0522,230.3483,0.0712,0.7094
2013-12-23T05:36:59.899Z,-3.1832,11.8917,227.7326,0.052,-0.2668,7.1221,15.254,227.6133,0.068,0.4669,11.9916,16.9799,229.5727,0.0712,0.7065
2013-12-23T05:37:59.083Z,-3.2359,12.1245,229.3718,0.0525,-0.2656,7.3994,15.3261,226.8802,0.0689,0.4828,11.9889,16.9877,229.1787,0.0714,0.7055
2013-12-23T05:38:59.256Z,-3.1854,11.8665,227.5237,0.0515,-0.2679,7.0531,15.0739,227.7691,0.0663,0.4679,12.0538,17.0457,230.4609,0.0712,0.7073
2013-12-23T05:39:59.583Z,-3.1357,11.7283,226.0433,0.0513,-0.2668,6.9328,15.068,228.1089,0.0669,0.4601,11.988,17.1045,230.688,0.0715,0.7018
2013-12-23T05:40:59.666Z,-3.0835,11.7513,226.5521,0.0507,-0.2613,7.0417,15.2022,227.9202,0.067,0.4632,12.0065,17.0859,230.6811,0.0715,0.7029
2013-12-23T05:41:59.723Z,-3.0866,11.8869,227.1737,0.0515,-0.2593,7.0988,15.1684,227.4129,0.0673,0.468,11.9863,17.067,230.4489,0.0715,0.7021
2013-12-23T05:42:59.850Z,-3.2726,12.1467,228.5734,0.0529,-0.2695,7.3674,15.3455,228.0984,0.0677,0.4801,11.9945,17.0023,229.9145,0.0715,0.7059
2013-12-23T05:43:59.103Z,-3.2828,12.0589,229.6428,0.052,-0.2708,7.4557,15.4555,228.5867,0.0687,0.4824,11.9812,17.0011,229.4337,0.0714,0.7048
2013-12-23T05:44:59.175Z,-3.3321,12.0593,230.0036,0.0517,-0.2753,7.5075,15.5468,229.3622,0.0683,0.4829,11.9874,17.0422,229.2563,0.0718,0.7035
2013-12-23T05:45:59.055Z,-3.0924,11.9356,228.6723,0.0515,-0.2591,7.3475,15.5077,230.9149,0.0689,0.4738,12.1599,17.1988,231.4029,0.0718,0.7068
2013-12-23T05:46:59.178Z,-3.1598,11.8678,228.7037,0.0514,-0.2654,7.4300,15.5439,230.3396,0.0684,0.478,12.1536,17.2324,231.928,0.0717,0.7054
2013-12-23T05:47:59.338Z,-3.2403,11.9904,231.3969,0.0512,-0.2689,7.8166,15.8326,229.6171,0.0696,0.4937,12.0566,17.0798,231.0522,0.0713,0.706
2013-12-23T05:48:59.384Z,-3.2413,12.023,232.5507,0.0511,-0.2688,8.0223,15.8952,228.8181,0.0699,0.5047,11.9941,17.1397,230.6163,0.0717,0.7006
2013-12-23T05:49:59.889Z,-3.1886,12.0214,232.5268,0.0509,-0.2643,8.0035,15.7984,228.4447,0.0696,0.5066,12.0109,17.1342,230.5713,0.0716,0.7011
2013-12-23T05:50:59.270Z,-3.2987,12.1703,230.594,0.0523,-0.2701,7.7513,15.7451,228.2587,0.07,0.4923,12.0483,17.0898,231.0071,0.0713,0.7052
2013-12-23T05:51:59.723Z,-3.3561,12.2294,229.5399,0.0525,-0.2737,7.6743,15.82,228.7366,0.0699,0.4851,12.0809,17.1132,230.6756,0.0719,0.7062
2013-12-23T05:52:59.820Z,-3.5284,12.3969,230.7922,0.0533,-0.2836,7.9178,15.973,228.869,0.0698,0.4957,12.0881,17.0788,229.9865,0.0722,0.7079
2013-12-23T05:53:59.967Z,-3.4886,12.4655,232.9017,0.0528,-0.2787,8.2157,16.1441,227.704,0.0703,0.5089,11.9972,17.1204,229.4832,0.0727,0.7009
2013-12-23T05:54:59.085Z,-3.5709,12.6581,232.6619,0.0537,-0.2816,8.1398,16.1858,228.5787,0.0701,0.5029,12.0781,17.1606,229.3347,0.0737,0.7038
2013-12-23T05:55:59.132Z,-3.6363,12.6727,233.1972,0.0539,-0.2866,8.1528,16.0964,226.3182,0.0702,0.5065,12.1233,17.273,230.3766,0.0736,0.7018
2013-12-23T05:56:59.292Z,-3.5491,12.5074,230.1238,0.0537,-0.2836,7.6560,15.9633,229.4767,0.0698,0.4796,12.0844,17.2827,229.8752,0.0741,0.6997
2013-12-23T05:57:59.828Z,-3.486,12.2769,229.764,0.0534,-0.2831,7.6058,15.9018,229.3364,0.0699,0.4783,12.0262,17.1187,229.7129,0.0724,0.7023
2013-12-23T05:58:59.984Z,-3.5368,12.6105,231.8271,0.0541,-0.28,7.9942,16.1303,228.3935,0.0706,0.4956,12.0479,17.153,229.3947,0.0728,0.7026
2013-12-23T05:59:59.300Z,-3.5842,12.5184,232.4806,0.0533,-0.2853,8.0969,16.0399,227.6222,0.0705,0.5048,11.9959,17.1465,229.1924,0.0731,0.7003
2013-12-23T06:00:59.481Z,-3.5828,12.5234,232.0891,0.0535,-0.2855,8.0889,16.1294,227.9089,0.0706,0.5015,12.0488,17.156,228.9419,0.0732,0.7029
2013-12-23T06:01:59.883Z,-3.5477,12.4723,231.26,0.0538,-0.2835,7.7675,15.904,227.8228,0.0703,0.4884,12.0517,17.1723,229.264,0.0735,0.7023
2013-12-23T06:02:59.133Z,-3.5978,12.5005,231.2269,0.0535,-0.2873,7.8645,15.9847,227.4903,0.0702,0.492,11.9503,17.0812,228.8053,0.0727,0.7003
2013-12-23T06:03:59.314Z,-3.4995,12.3057,229.1352,0.0532,-0.2837,7.4638,15.7132,227.5526,0.0697,0.475,12.1021,17.1634,229.7484,0.0731,0.7046
2013-12-23T06:04:59.433Z,-3.5617,12.526,229.9843,0.0538,-0.2832,7.5972,15.687,227.2572,0.0695,0.4843,12.0613,17.1796,229.985,0.0732,0.7021
2013-12-23T06:05:59.557Z,-3.5591,12.439,229.2466,0.0531,-0.2859,7.4792,15.5686,228.1877,0.0693,0.4804,11.9986,17.1552,229.6712,0.0731,0.6996
2013-12-23T06:06:59.770Z,-3.5275,12.2961,229.676,0.0532,-0.2856,7.5112,15.5801,227.7906,0.0689,0.4821,12.0527,17.1103,229.3,0.0733,0.7052
2013-12-23T06:07:59.078Z,-3.4707,12.4357,230.1864,0.0539,-0.2785,7.6648,15.7711,227.893,0.0696,0.486,12.0652,17.1041,229.043,0.0727,0.7062
2013-12-23T06:08:59.243Z,-3.412,12.3007,230.0446,0.0532,-0.2761,7.6687,15.7889,227.9206,0.0699,0.4857,12.0824,17.1867,229.126,0.0733,0.7032
2013-12-23T06:09:59.430Z,-3.3886,12.1993,227.7198,0.053,-0.2771,7.3644,15.54,227.5566,0.0691,0.4739,12.0057,17.0786,229.7715,0.0722,0.7031
2013-12-23T06:10:59.599Z,-3.5052,12.4223,229.3226,0.0542,-0.2821,7.5452,15.6021,227.7366,0.0691,0.4836,12.0733,17.0539,228.6972,0.0729,0.7082
2013-12-23T06:11:59.731Z,-3.4403,12.3187,229.0989,0.0535,-0.2784,7.5250,15.7066,227.8029,0.0701,0.4791,12.0502,17.0506,229.2494,0.0723,0.7064
2013-12-23T06:12:59.900Z,-3.2755,12.025,226.5845,0.0524,-0.2718,7.1399,15.3645,227.9163,0.0683,0.4647,12.1461,17.1432,229.9993,0.0728,0.7083
2013-12-23T06:13:59.013Z,-3.2519,12.0515,226.2723,0.0522,-0.2687,7.0648,15.2455,227.6587,0.0679,0.4634,12.0612,17.1873,229.8777,0.0733,0.7027
2013-12-23T06:14:59.151Z,-3.315,12.0341,226.1567,0.0523,-0.2744,7.0743,15.2727,227.1768,0.0683,0.4632,12.1086,17.1085,230.0578,0.0723,0.708
2013-12-23T06:15:59.419Z,-3.3659,12.2029,227.1078,0.0531,-0.2759,7.1850,15.3362,226.6204,0.0683,0.4685,12.0537,17.0843,229.7451,0.0719,0.7054
2013-12-23T06:16:59.472Z,-3.3218,12.072,226.8747,0.053,-0.2746,7.1852,15.3661,226.368,0.0685,0.4676,11.983,17.0227,229.5921,0.0721,0.7041
2013-12-23T06:17:59.581Z,-3.4001,12.1437,225.895,0.0536,-0.2789,7.0892,15.2752,226.0005,0.068,0.4641,12.045,17.1118,230.0481,0.0719,0.704
2013-12-23T06:18:59.350Z,-3.3051,12.1885,228.9977,0.0522,-0.2698,7.6384,15.8671,228.4629,0.0698,0.4814,12.1908,17.1852,231.7035,0.0716,0.7092
2013-12-23T06:19:59.471Z,-3.3802,12.269,229.7772,0.0531,-0.2748,7.7786,15.8714,228.8631,0.0697,0.4901,12.1721,17.2859,232.0168,0.0729,0.7045
2013-12-23T06:20:59.913Z,-3.3747,12.1327,229.2998,0.0523,-0.2766,7.6487,15.8424,228.7039,0.0694,0.4828,12.1457,17.3221,231.7073,0.0729,0.7021
2013-12-23T06:21:59.998Z,-3.4548,12.3597,229.4424,0.0538,-0.2786,7.5863,15.7784,229.0083,0.0697,0.4808,12.1192,17.1823,230.994,0.0726,0.7055
2013-12-23T06:22:59.113Z,-3.4415,12.5018,232.1203,0.053,-0.2743,8.1490,16.2654,228.4381,0.071,0.501,12.1525,17.1729,230.2014,0.0729,0.7077
2013-12-23T06:23:59.194Z,-3.519,12.4843,232.1615,0.0533,-0.2812,8.1206,16.1186,228.4199,0.0704,0.5038,12.1093,17.1512,230.8605,0.072,0.7057
2013-12-23T06:24:59.349Z,-3.3943,12.2677,228.9006,0.0531,-0.2754,7.4965,15.6666,228.6317,0.0694,0.4785,12.2028,17.2749,231.9981,0.0723,0.7073
2013-12-23T06:25:59.514Z,-3.3738,12.294,228.9037,0.0537,-0.2731,7.4819,15.5581,226.8506,0.0695,0.4809,12.2283,17.3864,232.8298,0.0728,0.7036
2013-12-23T06:26:59.634Z,-3.355,12.2591,228.9068,0.0533,-0.2728,7.5180,15.5202,225.8771,0.0697,0.4844,12.1304,17.3015,233.8164,0.071,0.7016
2013-12-23T06:27:59.019Z,-3.2772,12.0946,228.0628,0.0523,-0.2709,7.4736,15.528,226.5524,0.0693,0.4813,12.2439,17.3677,234.4167,0.0715,0.7048
2013-12-23T06:28:59.228Z,-3.3367,12.208,227.6065,0.053,-0.2723,7.4127,15.485,227.4144,0.0689,0.4787,12.2257,17.4047,234.1241,0.0722,0.7024
2013-12-23T06:29:59.354Z,-3.2357,12.0303,227.0426,0.0522,-0.268,7.4007,15.5674,227.7182,0.0691,0.4754,12.2753,17.3954,234.3134,0.0719,0.7052
2013-12-23T06:30:59.510Z,-3.2755,12.2561,227.9372,0.0528,-0.2673,7.3847,15.5401,227.4876,0.069,0.4752,12.2776,17.3712,234.2,0.0718,0.7069
2013-12-23T06:31:59.625Z,-3.3169,12.1253,228.4101,0.053,-0.2724,7.4313,15.5434,228.0377,0.0689,0.4781,12.2183,17.3613,233.1684,0.0721,0.7041
2013-12-23T06:32:59.943Z,-3.141,11.8978,228.1756,0.0518,-0.2628,7.3481,15.4763,228.752,0.0685,0.4748,12.1884,17.3002,232.591,0.0719,0.7044
2013-12-23T06:33:59.294Z,-2.494,10.8363,227.2301,0.0483,-0.2287,7.4286,15.6128,230.2049,0.0691,0.4758,12.2855,17.3669,233.3028,0.0724,0.7081
2013-12-23T06:34:59.598Z,-2.3943,10.7009,227.4318,0.0479,-0.2226,7.4775,15.7653,229.2957,0.0697,0.4743,12.3437,17.4021,233.5099,0.0723,0.7098
2013-12-23T06:35:59.316Z,-2.4832,10.9371,229.0582,0.0481,-0.2265,7.5642,15.6512,226.4526,0.0694,0.4833,12.3285,17.4344,233.3629,0.0726,0.7078
