2013-12-13T00:00:59.600Z,-2.3727,10.8048,232.622,0.0473,-0.2188,46.2808,74.7187,233.5027,0.32,0.6194,12.4514,17.3701,234.2394,0.0708,0.7166
2013-12-13T00:01:59.172Z,-2.5271,10.9251,232.8211,0.0475,-0.2306,46.3887,74.7722,233.3965,0.32,0.6204,12.4587,17.3888,234.6256,0.0706,0.7166
2013-12-13T00:02:59.261Z,-2.5018,10.8783,232.8581,0.0473,-0.2286,46.5881,74.8643,233.8282,0.32,0.6223,12.5015,17.4523,235.0226,0.0706,0.7169
2013-12-13T00:03:59.463Z,-2.464,10.8323,232.6037,0.0469,-0.2265,46.7189,74.93,234.0745,0.32,0.6235,12.523,17.4486,235.425,0.0709,0.7179
2013-12-13T00:04:59.631Z,-2.5001,11.0554,233.2698,0.0476,-0.2255,46.8172,75.0877,233.8578,0.32,0.6235,12.5414,17.4735,235.6371,0.0706,0.7181
2013-12-13T00:05:59.799Z,-2.4905,10.943,233.6451,0.0471,-0.2264,46.6786,75.1063,233.7503,0.3201,0.6215,12.4746,17.5013,235.4706,0.071,0.7137
2013-12-13T00:06:59.089Z,-2.4266,10.9002,233.4129,0.0471,-0.2218,46.8380,75.097,233.6798,0.3201,0.6237,12.527,17.4832,235.924,0.0708,0.7166
2013-12-13T00:07:59.914Z,-2.4975,11.0275,232.1488,0.0481,-0.2269,46.6464,74.7059,233.5765,0.32,0.6244,12.4721,17.462,235.7131,0.0707,0.7142
2013-12-13T00:08:59.108Z,-2.5151,11.0226,232.7821,0.0479,-0.2279,46.1873,74.7489,233.2147,0.32,0.6179,12.4616,17.4052,235.0811,0.0701,0.7155
2013-12-13T00:09:59.152Z,-2.4068,10.8307,233.231,0.0473,-0.2213,46.1815,74.7031,232.7135,0.3201,0.6182,12.4967,17.4091,235.1563,0.0702,0.7173
2013-12-13T00:10:59.289Z,-2.4613,10.9576,233.0814,0.0471,-0.2232,45.9126,74.5455,232.1952,0.32,0.6159,12.4515,17.3785,234.8984,0.0705,0.7164
2013-12-13T00:11:59.711Z,-2.4422,10.9726,234.6135,0.0472,-0.2215,45.4139,73.7717,228.8524,0.3204,0.6156,12.5132,17.5128,235.8745,0.0704,0.7148
2013-12-13T00:12:59.825Z,-2.4559,10.9054,233.775,0.0478,-0.2245,46.2760,74.7231,232.2583,0.3203,0.6193,12.5021,17.4806,235.6578,0.0704,0.7152
2013-12-13T00:13:59.075Z,-2.4348,10.9577,233.7747,0.0473,-0.222,46.5321,74.8948,232.8971,0.3201,0.6213,12.4942,17.4291,235.4602,0.0703,0.7167
2013-12-13T00:14:59.254Z,-3.1627,11.9359,234.2813,0.0506,-0.2634,46.3577,74.7343,232.634,0.3202,0.6203,12.4685,17.435,234.9886,0.0704,0.716
2013-12-13T00:15:59.688Z,-3.2822,12.1083,233.3495,0.0514,-0.2698,46.1618,74.3466,232.306,0.3198,0.6209,12.432,17.4294,234.9992,0.0707,0.7134
2013-12-13T00:16:59.025Z,-3.2874,12.0422,232.6442,0.0508,-0.2724,46.2102,74.1975,232.7792,0.3197,0.6228,12.5083,17.3923,235.5674,0.07,0.7195
2013-12-13T00:17:59.707Z,-3.3696,12.3247,235.139,0.0518,-0.273,46.2601,74.9515,232.7961,0.3204,0.6172,12.4182,17.4157,235.2514,0.0704,0.7128
2013-12-13T00:18:59.441Z,-3.4579,12.3172,235.8956,0.0515,-0.2804,46.1362,75.1037,232.6731,0.3211,0.6143,12.4318,17.4268,234.9098,0.0706,0.7138
2013-12-13T00:19:59.523Z,-3.0316,11.7417,235.0161,0.0495,-0.2555,46.0913,74.8721,232.3523,0.3205,0.6156,12.3776,17.3983,235.1373,0.0702,0.7117
2013-12-13T00:20:59.013Z,-2.3838,10.9562,233.8157,0.0469,-0.2169,46.3246,74.9589,232.8502,0.3201,0.618,12.4068,17.4017,234.972,0.0703,0.7129
2013-12-13T00:21:59.224Z,-2.6566,11.2926,234.0857,0.0484,-0.2333,46.3831,75.09,233.1948,0.3203,0.6177,12.4277,17.3478,234.8813,0.07,0.7163
2013-12-13T00:22:59.898Z,-3.3654,12.1544,234.7338,0.051,-0.2757,46.5273,75.044,233.0831,0.3205,0.62,12.4178,17.412,234.8579,0.0704,0.7138
2013-12-13T00:23:59.097Z,-2.6848,11.0126,233.7385,0.0473,-0.2418,46.2084,75.0137,232.8451,0.3208,0.616,12.4412,17.3694,234.8768,0.0704,0.7157
2013-12-13T00:24:59.643Z,-2.5522,10.836,233.6292,0.0471,-0.2346,46.3706,74.9242,232.6507,0.3205,0.6189,12.5047,17.4132,235.2402,0.0703,0.7175
2013-12-13T00:25:59.849Z,-2.4901,10.9994,233.9594,0.0473,-0.2247,46.5007,75.0374,232.8729,0.321,0.6197,12.4546,17.3917,235.3413,0.07,0.7161
2013-12-13T00:26:59.160Z,-3.3357,12.1013,234.7115,0.051,-0.275,46.5844,75.0998,233.4204,0.3207,0.6203,12.4768,17.4076,235.0575,0.0704,0.7176
2013-12-13T00:27:59.236Z,-3.2786,12.0502,234.6387,0.051,-0.2711,46.7543,75.2523,233.6436,0.3205,0.6213,12.4781,17.4949,235.5543,0.0707,0.7139
2013-12-13T00:28:59.174Z,-2.443,10.9636,234.0863,0.0473,-0.2202,46.7953,75.3305,233.7377,0.3203,0.6212,12.5124,17.4455,235.6988,0.0707,0.7168
2013-12-13T00:29:59.308Z,-3.4331,12.3079,234.648,0.0517,-0.2786,46.4642,75.0997,233.4448,0.3202,0.6187,12.4009,17.3526,235.0345,0.0701,0.7144
2013-12-13T00:30:59.508Z,-3.4772,12.4069,234.3819,0.0519,-0.2804,46.4622,74.9149,233.1065,0.3202,0.6202,12.3826,17.3972,235.2068,0.0703,0.7117
2013-12-13T00:31:59.784Z,-3.4127,12.2831,234.5555,0.0518,-0.2761,46.3116,74.8651,233.1088,0.32,0.6186,12.3712,17.4481,235.0352,0.0705,0.7097
2013-12-13T00:32:59.184Z,-3.3602,12.2077,234.0583,0.051,-0.274,46.4974,74.8148,232.7374,0.3203,0.6215,12.4322,17.4185,235.5385,0.0704,0.7138
2013-12-13T00:33:59.335Z,-3.3756,12.2213,232.2016,0.0517,-0.2759,46.5890,74.352,232.9739,0.3199,0.6266,12.5282,17.4661,236.3354,0.0702,0.7171
2013-12-13T00:34:59.673Z,-3.356,12.1293,233.1372,0.0514,-0.2755,46.5898,74.7111,233.3924,0.32,0.6236,12.4548,17.417,235.7121,0.0702,0.7155
2013-12-13T00:35:59.794Z,-3.4848,12.425,235.1464,0.052,-0.2795,46.4621,75.1571,233.2415,0.3204,0.6182,12.4277,17.3939,234.6081,0.0705,0.7148
2013-12-13T00:36:59.946Z,-3.3337,12.1465,235.0607,0.051,-0.2732,46.4444,75.1285,233.1791,0.3202,0.6182,12.3422,17.2834,234.0684,0.0702,0.7144
2013-12-13T00:37:59.409Z,-3.3234,12.1409,235.0359,0.0509,-0.2724,46.3574,74.9756,232.7192,0.3203,0.6183,12.3655,17.4202,234.5453,0.0709,0.7106
2013-12-13T00:38:59.506Z,-2.3184,10.9151,233.4589,0.0473,-0.2123,46.4143,74.9101,233.0739,0.3201,0.6196,12.4561,17.4073,235.3314,0.0703,0.7155
2013-12-13T00:39:59.696Z,-2.4048,10.833,233.6117,0.0472,-0.2211,46.3199,74.9998,233.1829,0.3201,0.6176,12.5533,17.4697,235.4111,0.0704,0.7189
2013-12-13T00:40:59.468Z,-2.4217,10.8221,233.7318,0.047,-0.2233,46.4112,75.0868,233.4401,0.3201,0.6181,12.509,17.5415,236.049,0.0705,0.7133
2013-12-13T00:41:59.710Z,-2.4818,10.8572,234.3337,0.0465,-0.228,46.3372,75.1496,233.0967,0.3204,0.6166,12.506,17.479,236.1338,0.0704,0.7149
2013-12-13T00:42:59.158Z,-2.3524,10.8544,234.4814,0.047,-0.2158,46.3715,75.0105,232.6547,0.3201,0.6182,12.5404,17.4688,236.2231,0.0702,0.7177
2013-12-13T00:43:59.344Z,-2.4002,10.9431,234.8096,0.0471,-0.2183,46.3720,75.206,233.0613,0.3204,0.6166,12.5138,17.4983,236.3596,0.0702,0.7154
2013-12-13T00:44:59.459Z,-2.3727,10.8544,235.234,0.0466,-0.2177,46.5027,75.4424,233.456,0.3213,0.6164,12.5118,17.5115,235.7451,0.0705,0.715
2013-12-13T00:45:59.500Z,-2.4236,10.7118,234.4101,0.0464,-0.226,46.5304,75.3284,233.4789,0.3206,0.6177,12.5117,17.4912,235.4515,0.0705,0.7155
2013-12-13T00:46:59.813Z,-2.4497,10.9091,234.0891,0.0469,-0.2234,46.7102,75.3269,233.5251,0.3205,0.6201,12.5165,17.4193,235.3828,0.0704,0.7182
2013-12-13T00:47:59.899Z,-2.5029,10.9812,233.329,0.0477,-0.2261,46.5210,75.2767,234.3407,0.3201,0.618,12.4798,17.4024,234.8753,0.0704,0.717
2013-12-13T00:48:59.989Z,-2.3569,10.8222,233.9156,0.0469,-0.2167,46.3656,75.281,233.896,0.3203,0.6159,12.4628,17.4287,235.5201,0.0703,0.7149
2013-12-13T00:49:59.437Z,-2.3722,10.9099,234.2161,0.0472,-0.2168,46.2134,75.1926,233.3951,0.3205,0.6146,12.4836,17.425,235.4772,0.0703,0.7164
2013-12-13T00:50:59.932Z,-2.3428,10.7919,234.0877,0.0466,-0.2159,46.3466,75.1283,233.3734,0.3202,0.6169,12.4829,17.4245,235.4543,0.0703,0.7162
2013-12-13T00:51:59.320Z,-2.337,10.6583,233.9853,0.0452,-0.2189,46.4175,75.0728,232.9401,0.3204,0.6183,12.499,17.5167,235.853,0.0706,0.7141
2013-12-13T00:52:59.407Z,-2.2976,10.7681,234.0593,0.0461,-0.2129,46.3706,74.8637,232.4131,0.3201,0.6194,12.4865,17.4696,235.9949,0.0703,0.7146
2013-12-13T00:53:59.002Z,-2.4308,10.8456,233.9187,0.0466,-0.2232,46.3981,75.0535,233.1576,0.3204,0.6182,12.4614,17.4283,234.6605,0.0709,0.7157
2013-12-13T00:54:59.259Z,-2.4388,10.7479,233.6836,0.0462,-0.2257,46.2274,75.1421,233.376,0.3202,0.6152,12.4547,17.3248,234.1198,0.0704,0.719
2013-12-13T00:55:59.061Z,-3.1323,11.7706,234.6507,0.0497,-0.2644,45.8793,75.0274,232.9751,0.3204,0.6115,12.4367,17.2872,233.4122,0.0707,0.7196
2013-12-13T00:56:59.161Z,-3.4392,12.2371,235.0226,0.0512,-0.2798,45.9054,74.8987,232.8799,0.3204,0.6129,12.4534,17.3703,234.418,0.0703,0.7175
2013-12-13T00:57:59.536Z,-3.3962,12.284,234.8448,0.0515,-0.2752,45.8923,74.8284,232.5376,0.3202,0.6133,12.4429,17.3891,234.8046,0.0705,0.716
2013-12-13T00:58:59.760Z,-3.4813,12.3082,235.1835,0.0513,-0.2823,46.0097,74.8369,232.47,0.3202,0.6148,12.4376,17.4302,235.242,0.0706,0.7141
2013-12-13T00:59:59.163Z,-3.3949,12.2687,235.0874,0.0515,-0.2759,46.1565,74.7959,232.2503,0.32,0.6171,12.4405,17.4119,235.9478,0.0703,0.7141
2013-12-13T01:00:59.635Z,-3.2896,12.1907,235.1633,0.0515,-0.2691,46.0863,74.7669,232.3457,0.3203,0.6164,12.486,17.4377,235.8802,0.0703,0.7162
2013-12-13T01:01:59.823Z,-2.9937,11.6324,234.6073,0.0496,-0.2555,46.3592,75.3318,233.7377,0.3203,0.6154,12.3791,17.4914,235.7587,0.0711,0.7089
2013-12-13T01:02:59.127Z,-3.2417,12.0926,234.3572,0.0515,-0.2674,46.7815,75.4054,234.3113,0.3203,0.6204,12.3443,17.368,235.3145,0.0702,0.7106
2013-12-13T01:03:59.342Z,-2.3486,10.7536,233.4122,0.0463,-0.2166,46.5979,75.4134,234.2024,0.3203,0.6179,12.4359,17.4106,235.4685,0.0704,0.7146
2013-12-13T01:04:59.811Z,-2.8939,11.63,234.6417,0.0497,-0.2469,46.3387,75.2862,233.4141,0.3206,0.6155,12.3621,17.3629,235.1663,0.07,0.7119
2013-12-13T01:05:59.938Z,-3.1446,12.018,234.6197,0.0506,-0.2606,46.4739,75.3345,233.7423,0.3205,0.6169,12.3751,17.3385,234.9134,0.0705,0.7137
2013-12-13T01:06:59.123Z,-3.2765,12.0947,234.6259,0.051,-0.2706,46.5567,75.3954,233.8604,0.3206,0.6175,12.4063,17.3651,235.1059,0.0704,0.7145
2013-12-13T01:07:59.229Z,-3.271,12.1837,234.7271,0.0512,-0.2683,46.3816,75.2337,233.2595,0.3206,0.6165,12.3416,17.3602,235.222,0.0702,0.7109
2013-12-13T01:08:59.400Z,-3.1547,11.9206,235.182,0.0505,-0.2637,46.2361,75.2419,232.9885,0.3211,0.6145,12.3688,17.3513,235.3918,0.0703,0.7126
2013-12-13T01:09:59.489Z,-3.22,12.2089,235.2091,0.0511,-0.2628,46.3156,75.1877,232.8354,0.3207,0.616,12.4459,17.4371,235.9947,0.0702,0.7137
2013-12-13T01:10:59.680Z,-3.3007,12.1814,235.061,0.0513,-0.2706,46.0888,75.1121,232.7552,0.3209,0.6136,12.4135,17.3537,235.5104,0.0701,0.7155
2013-12-13T01:11:59.950Z,-3.1447,12.1069,235.5015,0.0507,-0.2599,46.2713,75.2135,232.9601,0.321,0.6152,12.4171,17.389,235.4599,0.0704,0.7136
2013-12-13T01:12:59.178Z,-3.2867,12.1612,235.3437,0.0515,-0.269,46.7121,75.476,233.5988,0.3214,0.6189,12.4259,17.4198,235.7283,0.0701,0.7132
2013-12-13T01:13:59.493Z,-3.3306,12.0834,235.0312,0.0514,-0.2746,46.7954,75.4887,234.0338,0.3206,0.6199,12.4266,17.3912,235.3736,0.0702,0.7151
2013-12-13T01:14:59.924Z,-3.2461,12.0963,235.0822,0.051,-0.2673,47.0043,75.7645,234.6052,0.3217,0.6204,12.3493,17.3967,235.6462,0.07,0.7103
2013-12-13T01:15:59.020Z,-3.2387,11.9581,234.323,0.0509,-0.2698,46.7607,75.4083,234.7171,0.3202,0.6201,12.42,17.3964,235.6723,0.0701,0.7134
2013-12-13T01:16:59.390Z,-3.3016,12.0518,233.9506,0.0509,-0.2731,46.9440,75.412,234.7364,0.3201,0.6225,12.3921,17.4733,235.9652,0.0703,0.7094
2013-12-13T01:17:59.257Z,-3.2866,12.1244,235.3419,0.0515,-0.2702,46.8142,75.6409,234.5416,0.3206,0.6189,12.4352,17.4172,235.7766,0.0704,0.7137
2013-12-13T01:18:59.336Z,-2.6178,11.1296,235.1996,0.0473,-0.2318,46.8877,75.87,234.6511,0.3216,0.618,12.4848,17.4673,236.1859,0.0704,0.7141
2013-12-13T01:19:59.418Z,-2.2547,10.8182,235.0314,0.047,-0.208,46.7811,75.808,234.5137,0.3214,0.6171,12.5041,17.4813,236.4051,0.0704,0.716
2013-12-13T01:20:59.261Z,-2.2768,10.6912,234.9759,0.0457,-0.2114,46.8774,75.8044,234.4005,0.3213,0.6184,12.4919,17.5234,236.4143,0.0704,0.7139
2013-12-13T01:21:59.548Z,-2.2058,10.6972,234.7731,0.0462,-0.2048,46.7528,75.7989,234.4873,0.3205,0.6168,12.4587,17.4564,236.3569,0.0702,0.7138
2013-12-13T01:22:59.652Z,-2.3405,10.8134,234.558,0.0463,-0.2156,47.0933,75.8469,234.8365,0.3209,0.6209,12.5022,17.4938,236.6861,0.0702,0.7146
2013-12-13T01:23:59.821Z,-2.3181,10.7794,233.9522,0.0461,-0.2139,46.9308,75.6461,234.7955,0.3202,0.6204,12.4856,17.4799,236.4085,0.0701,0.7138
2013-12-13T01:24:59.282Z,-2.1555,10.5358,233.7508,0.045,-0.2033,46.8606,75.4114,234.0986,0.3207,0.6214,12.4713,17.5003,236.5472,0.0704,0.7121
2013-12-13T01:25:59.961Z,-2.2292,10.5887,233.854,0.0452,-0.21,46.7504,75.4403,233.9833,0.3206,0.6197,12.4131,17.5222,236.5103,0.0705,0.7087
2013-12-13T01:26:59.103Z,-2.293,10.7033,233.9612,0.046,-0.2132,46.6300,75.4043,233.7265,0.3208,0.6184,12.4661,17.4632,236.2273,0.0702,0.714
2013-12-13T01:27:59.329Z,-2.264,10.8784,234.3959,0.0471,-0.2077,46.6321,75.4687,233.6232,0.3211,0.6179,12.4434,17.5488,236.4395,0.0709,0.7097
2013-12-13T01:28:59.544Z,-2.2207,10.6993,233.2568,0.0466,-0.2067,46.3285,75.0502,233.3273,0.3207,0.6173,12.4034,17.4483,235.8588,0.0705,0.7112
2013-12-13T01:29:59.662Z,-3.207,11.9639,233.1266,0.0512,-0.2668,45.5861,74.3049,231.7353,0.32,0.6135,12.3501,17.3318,233.6913,0.0705,0.7135
2013-12-13T01:30:59.865Z,-3.201,11.8773,232.9517,0.0507,-0.2689,45.3780,74.0745,231.0947,0.32,0.6126,12.3436,17.2665,233.5672,0.0702,0.7147
2013-12-13T01:31:59.543Z,-3.201,11.9341,233.1269,0.0504,-0.268,45.2060,73.9748,230.7326,0.3201,0.6111,12.2806,17.2829,233.3076,0.0705,0.7106
2013-12-13T01:32:59.755Z,-3.1865,11.9199,232.3509,0.0507,-0.2663,45.5245,74.0236,231.4324,0.3201,0.615,12.3219,17.2384,233.6246,0.07,0.7143
2013-12-13T01:33:59.308Z,-2.298,10.4558,231.239,0.0449,-0.2188,45.7542,74.216,231.9709,0.3199,0.6165,12.4072,17.3641,234.0286,0.0703,0.7148
2013-12-13T01:34:59.411Z,-2.2386,10.5029,229.9703,0.046,-0.2121,45.7197,73.8845,232.477,0.3182,0.6188,12.3579,17.3059,234.0947,0.0701,0.7141
2013-12-13T01:35:59.837Z,-2.2802,10.3974,228.5059,0.0461,-0.2182,45.7172,73.4295,232.4165,0.3163,0.6226,12.3723,17.3474,234.6966,0.0702,0.7126
2013-12-13T01:36:59.962Z,-2.1967,10.4729,231.1816,0.0453,-0.2086,45.7125,74.0884,231.7398,0.32,0.617,12.3429,17.2687,233.7037,0.0704,0.7148
2013-12-13T01:37:59.167Z,-2.2862,10.6473,231.4868,0.0463,-0.2139,45.5213,74.1268,231.6174,0.32,0.6141,12.3124,17.2534,233.2388,0.0703,0.7142
2013-12-13T01:38:59.260Z,-2.5365,11.0363,232.0174,0.048,-0.2278,45.2755,74.0159,231.1243,0.32,0.6117,12.2963,17.2849,233.0855,0.0704,0.7118
2013-12-13T01:39:59.719Z,-3.1784,11.9862,232.7367,0.0504,-0.2647,45.3040,74.0745,231.0609,0.32,0.6116,12.2731,17.1856,232.6543,0.0703,0.7144
2013-12-13T01:41:59.795Z,-2.4091,10.8696,231.4189,0.0471,-0.2203,45.1206,73.8713,230.9308,0.3199,0.6108,12.3036,17.2695,233.215,0.0704,0.7129
2013-12-13T01:42:59.878Z,-2.9239,11.5249,231.4019,0.0493,-0.2504,45.3064,73.633,230.5162,0.3199,0.6153,12.3195,17.2586,233.1539,0.0704,0.7137
2013-12-13T01:43:59.998Z,-2.5653,10.8713,231.653,0.0467,-0.2337,45.4277,74.0227,231.4194,0.32,0.6137,12.2948,17.2865,233.4885,0.0706,0.7118
2013-12-13T01:44:59.246Z,-2.2117,10.6181,231.4695,0.0462,-0.2071,45.4415,74.0451,231.6012,0.32,0.6137,12.2445,17.2178,232.9724,0.0704,0.7114
2013-12-13T01:45:59.435Z,-2.2614,10.6068,231.6435,0.0459,-0.2124,45.4231,74.2086,231.7251,0.32,0.6121,12.348,17.2068,232.7537,0.0703,0.7178
2013-12-13T01:46:59.048Z,-2.2912,10.6061,231.4743,0.0463,-0.2155,45.5603,74.0939,231.4015,0.3199,0.6149,12.3297,17.302,233.2744,0.0703,0.7126
2013-12-13T01:47:59.463Z,-2.6668,11.1855,232.0698,0.0485,-0.2355,45.3700,73.9406,231.1557,0.32,0.6136,12.2726,17.2068,233.1615,0.07,0.7132
2013-12-13T01:48:59.563Z,-3.2688,11.9733,232.6138,0.0509,-0.2714,45.1999,73.8802,230.6014,0.32,0.6118,12.3407,17.2216,233.3351,0.0702,0.7165
2013-12-13T01:49:59.695Z,-3.3789,12.1781,232.9078,0.0512,-0.2766,45.2078,73.869,230.5063,0.32,0.612,12.289,17.2459,233.5115,0.0701,0.7127
2013-12-13T01:50:59.909Z,-2.5749,11.1115,232.3323,0.0481,-0.2296,45.1758,73.9254,230.6925,0.32,0.6111,12.2724,17.2663,233.4568,0.0704,0.7109
2013-12-13T01:51:59.315Z,-2.33,10.7051,232.3296,0.0463,-0.2167,45.2604,74.0639,230.7098,0.32,0.6111,12.3086,17.3187,233.8895,0.0704,0.711
2013-12-13T01:52:59.379Z,-2.5594,11.1137,232.2466,0.0484,-0.2284,45.3405,74.28,231.4976,0.3201,0.6104,12.2972,17.2522,233.356,0.0705,0.7129
2013-12-13T01:53:59.708Z,-3.2669,12.0237,233.0058,0.0515,-0.2713,45.0647,73.8765,230.3822,0.3201,0.61,12.3037,17.2107,232.7548,0.0702,0.7151
2013-12-13T01:54:59.919Z,-3.2029,12.014,232.8823,0.0506,-0.2661,45.0490,73.8509,230.3707,0.3201,0.61,12.2838,17.1895,232.7068,0.0702,0.7148
2013-12-13T01:55:59.042Z,-3.0485,11.7628,232.7286,0.05,-0.2579,45.2921,73.886,230.5937,0.32,0.613,12.2292,17.2174,232.5855,0.0704,0.7108
2013-12-13T01:56:59.233Z,-3.2093,11.927,232.8184,0.0505,-0.2681,45.4308,74.0518,231.0369,0.32,0.6135,12.37,17.1996,233.0131,0.0701,0.7194
2013-12-13T01:57:59.902Z,-3.1691,11.9494,233.1228,0.0509,-0.2644,45.4147,74.0376,230.9531,0.32,0.6134,12.2757,17.2519,233.0961,0.0703,0.7119
2013-12-13T01:58:59.945Z,-3.4889,12.2819,233.1037,0.052,-0.2833,45.1853,73.6397,230.5393,0.32,0.6136,12.3661,17.2088,232.9484,0.0702,0.7184
2013-12-13T01:59:59.515Z,-3.1265,11.7584,232.9063,0.0504,-0.2629,45.2371,73.8685,230.7518,0.32,0.6124,12.3655,17.301,232.7161,0.071,0.7156
2013-12-13T02:00:59.635Z,-2.8177,11.4403,232.8314,0.0493,-0.2439,45.1931,73.7726,230.5168,0.32,0.6126,12.3094,17.2418,232.9632,0.0703,0.7135
2013-12-13T02:01:59.808Z,-3.4876,12.4161,233.7884,0.0527,-0.281,45.0874,73.7445,230.1818,0.3199,0.6114,12.3279,17.2285,233.0994,0.0701,0.7151
2013-12-13T02:02:59.201Z,-3.4836,12.3397,233.8496,0.0518,-0.2812,45.1300,73.7659,230.4875,0.32,0.6118,12.3176,17.3013,233.1833,0.0705,0.7122
2013-12-13T02:03:59.514Z,-2.8449,11.4588,232.1816,0.0498,-0.2455,45.1783,73.6163,230.8415,0.3199,0.6137,12.3478,17.2297,233.1829,0.0701,0.7171
2013-12-13T02:04:59.964Z,-3.4544,12.2876,233.1422,0.0517,-0.2803,45.0925,73.2496,229.0952,0.3198,0.6156,12.3264,17.2896,233.6706,0.0701,0.7127
2013-12-13T02:05:59.301Z,-3.5157,12.3937,232.1709,0.0531,-0.2828,45.5172,73.7002,231.4292,0.3198,0.6176,12.3794,17.2729,233.4852,0.0701,0.7165
2013-12-13T02:06:59.458Z,-3.3939,12.2063,232.138,0.052,-0.277,45.5015,73.6389,231.0731,0.3197,0.6179,12.3391,17.2499,233.4722,0.0701,0.7159
2013-12-13T02:07:59.793Z,-3.5183,12.332,232.0232,0.0529,-0.284,45.3632,73.5341,230.6899,0.3197,0.6169,12.3406,17.2628,233.4115,0.0704,0.7149
2013-12-13T02:08:59.985Z,-2.6727,11.2371,231.2421,0.0489,-0.2368,45.1220,73.393,230.5162,0.3196,0.6148,12.4552,17.3023,233.8407,0.0703,0.7195
2013-12-13T02:09:59.237Z,-2.4359,10.8817,230.6751,0.0478,-0.2225,45.1331,73.1492,230.1565,0.3196,0.617,12.425,17.3618,233.8562,0.0704,0.716
2013-12-13T02:10:59.964Z,-2.4052,10.7867,231.0533,0.0475,-0.222,45.3171,73.4594,230.6561,0.3198,0.6169,12.3974,17.3012,233.4044,0.0708,0.7164
2013-12-13T02:11:59.314Z,-3.3398,12.0886,232.413,0.0515,-0.2758,45.0991,73.6071,231.0215,0.3197,0.6127,12.3181,17.1726,231.9833,0.0702,0.7169
2013-12-13T02:12:59.447Z,-3.4521,12.3137,232.9037,0.052,-0.2803,45.3136,73.9452,231.5631,0.32,0.6128,12.3067,17.1773,232.0345,0.0709,0.7163
2013-12-13T02:13:59.998Z,-2.8176,11.3582,232.2093,0.0501,-0.2464,45.4449,74.1836,232.1749,0.32,0.6126,12.3631,17.1919,232.3218,0.0703,0.7192
2013-12-13T02:14:59.492Z,-2.5102,10.9396,231.6724,0.0482,-0.2287,45.7837,74.0837,231.9791,0.3199,0.618,12.4468,17.4015,234.0065,0.0706,0.7153
2013-12-13T02:15:59.617Z,-2.5227,10.8652,231.3186,0.0476,-0.2309,45.6128,73.8549,231.548,0.32,0.6176,12.4418,17.3269,233.3687,0.071,0.7188
2013-12-13T02:16:59.784Z,-2.9868,11.6729,232.3034,0.0495,-0.2545,45.5069,73.8269,231.4786,0.3197,0.6164,12.3133,17.2379,232.7928,0.0706,0.7146
2013-12-13T02:17:59.940Z,-3.4078,12.3444,232.7861,0.0518,-0.2759,45.4261,73.648,230.8181,0.3198,0.6168,12.3552,17.2178,232.744,0.0703,0.718
2013-12-13T02:18:59.406Z,-3.3914,12.1896,232.9701,0.0513,-0.2772,45.0779,73.5366,229.9719,0.32,0.613,12.3317,17.2198,232.5502,0.0704,0.7168
2013-12-13T02:19:59.784Z,-3.3718,12.2218,233.187,0.0521,-0.2744,45.1272,73.4971,229.7302,0.3199,0.614,12.3385,17.2298,233.0474,0.0704,0.7164
2013-12-13T02:20:59.606Z,-3.146,11.8853,231.7663,0.0505,-0.2618,45.4504,73.3307,230.194,0.3197,0.6198,12.3801,17.3162,233.9139,0.0702,0.7152
2013-12-13T02:21:59.817Z,-2.4916,10.8223,229.77,0.048,-0.2291,45.3020,73.2213,230.7879,0.3181,0.6187,12.4885,17.3439,233.821,0.0702,0.7198
2013-12-13T02:22:59.857Z,-2.3343,10.8475,229.4102,0.0475,-0.2158,45.5335,73.2167,231.4885,0.3168,0.6219,12.4322,17.3333,234.0451,0.0702,0.717
2013-12-13T02:23:59.442Z,-2.4131,10.8701,231.3213,0.0481,-0.221,45.5370,73.8637,231.4461,0.3198,0.6165,12.4433,17.3145,233.2561,0.0705,0.7187
2013-12-13T02:24:59.722Z,-2.4587,10.7322,231.2647,0.0466,-0.228,45.7730,73.9586,231.8201,0.3198,0.6189,12.4523,17.2881,233.4049,0.0702,0.7205
2013-12-13T02:25:59.551Z,-2.6953,11.3254,232.0851,0.0492,-0.2355,45.6440,73.9653,231.3887,0.3199,0.6171,12.3785,17.2832,233.4767,0.0701,0.7163
2013-12-13T02:26:59.688Z,-3.3486,12.2177,233.283,0.0514,-0.2734,45.6087,74.0041,231.0536,0.3199,0.6163,12.3607,17.2954,233.0109,0.0706,0.7152
2013-12-13T02:27:59.922Z,-3.5318,12.3978,233.141,0.053,-0.2836,45.4243,73.9328,231.0172,0.32,0.6144,12.3631,17.2673,232.911,0.0709,0.7163
2013-12-13T02:28:59.011Z,-3.3096,12.0987,232.9714,0.0513,-0.272,45.2472,73.8247,230.8125,0.3199,0.6129,12.3291,17.2356,232.8642,0.0703,0.7154
2013-12-13T02:29:59.162Z,-3.4302,12.2303,232.6256,0.0522,-0.2795,45.3019,73.7216,230.9201,0.32,0.6145,12.361,17.284,232.9198,0.0707,0.7157
2013-12-13T02:30:59.416Z,-3.5485,12.381,233.1161,0.0521,-0.2862,45.0258,73.7403,230.5865,0.3201,0.6106,12.2849,17.1735,232.417,0.0701,0.7155
2013-12-13T02:31:59.610Z,-3.2956,12.1129,233.2232,0.0514,-0.2714,45.0047,73.754,230.5706,0.32,0.6102,12.3032,17.1956,231.8819,0.0705,0.7154
2013-12-13T02:32:59.684Z,-3.4583,12.256,233.0585,0.0516,-0.2811,45.3198,73.9432,231.2765,0.3201,0.6129,12.2483,17.1516,231.9884,0.0702,0.7135
2013-12-13T02:33:59.848Z,-3.3553,12.1184,233.4712,0.0515,-0.2757,45.7835,74.2636,232.0095,0.32,0.6165,12.3157,17.2056,232.6907,0.0705,0.7154
2013-12-13T02:34:59.850Z,-3.3876,12.369,233.3738,0.0527,-0.2734,45.5799,74.0895,231.8137,0.3197,0.6152,12.3349,17.2157,232.7334,0.0702,0.717
2013-12-13T02:35:59.949Z,-3.3513,12.2014,233.322,0.052,-0.2737,45.6146,74.0978,231.5317,0.3199,0.6156,12.3438,17.2829,232.9798,0.0705,0.7147
2013-12-13T02:36:59.041Z,-3.4839,12.35,232.9874,0.0527,-0.2806,45.3552,73.8925,231.1039,0.32,0.6138,12.3557,17.1856,232.3171,0.0703,0.7197
2013-12-13T02:37:59.233Z,-3.3733,12.2386,232.8415,0.0518,-0.2738,45.3205,73.7398,230.7672,0.3199,0.6146,12.3004,17.2289,232.1962,0.0706,0.7139
2013-12-13T02:38:59.684Z,-3.3679,12.224,232.8301,0.0515,-0.275,45.2531,73.6662,230.5795,0.3198,0.6143,12.3428,17.1685,232.4798,0.0702,0.719
2013-12-13T02:39:59.735Z,-3.4584,12.3438,232.5904,0.052,-0.2798,44.9316,73.4536,230.2439,0.3199,0.6117,12.323,17.1852,231.9267,0.0705,0.7177
2013-12-13T02:40:59.198Z,-3.622,12.4063,232.767,0.0525,-0.2902,45.1352,73.5461,230.4323,0.3201,0.6137,12.3091,17.1945,232.5083,0.0704,0.7156
2013-12-13T02:41:59.796Z,-3.4855,12.2361,232.1995,0.0523,-0.2838,45.2262,73.5505,230.5638,0.3197,0.6149,12.3701,17.2029,232.7069,0.0703,0.7186
2013-12-13T02:42:59.386Z,-3.4482,12.3253,231.537,0.0529,-0.2789,45.3101,73.4718,231.4231,0.3196,0.6167,12.3547,17.2152,232.7733,0.0702,0.7172
2013-12-13T02:43:59.148Z,-3.456,12.2058,231.3652,0.0519,-0.2827,45.6284,73.5823,231.5846,0.3191,0.6201,12.3783,17.2952,233.1957,0.0705,0.716
2013-12-13T02:44:59.457Z,-3.4184,12.3202,231.4559,0.0521,-0.2774,45.7732,73.5786,231.8362,0.3193,0.6221,12.3221,17.2972,233.5071,0.0707,0.7126
2013-12-13T02:45:59.624Z,-3.4095,12.1765,231.5486,0.0519,-0.2791,45.7236,73.6053,231.3067,0.3194,0.6212,12.398,17.2651,233.6462,0.0702,0.718
2013-12-13T02:46:59.342Z,-3.5021,12.2933,231.6067,0.0524,-0.284,45.5743,73.6138,231.5931,0.3193,0.6191,12.3852,17.272,233.3228,0.0703,0.7173
2013-12-13T02:47:59.639Z,-3.4468,12.1679,230.1356,0.0529,-0.2819,45.3231,73.0429,231.229,0.3166,0.6205,12.3777,17.304,233.694,0.0703,0.7157
2013-12-13T02:48:59.777Z,-3.4119,11.9762,227.9436,0.0516,-0.2839,45.4682,72.321,231.2272,0.3112,0.6287,12.4322,17.4,234.6986,0.0705,0.7143
2013-12-13T02:49:59.525Z,-3.2724,12.0367,231.024,0.0513,-0.271,45.1663,73.1557,230.4026,0.3191,0.6174,12.3292,17.2381,233.3395,0.0703,0.7149
2013-12-13T02:50:59.590Z,-3.2618,11.9937,231.8943,0.0513,-0.2713,45.3297,73.4679,230.4829,0.3196,0.617,12.3171,17.2402,233.0322,0.0703,0.7145
2013-12-13T02:51:59.759Z,-3.2177,11.9272,232.3571,0.0505,-0.2691,45.2095,73.5831,230.4331,0.3198,0.6144,12.2701,17.2573,232.7328,0.0704,0.7118
2013-12-13T02:52:59.794Z,-2.9629,11.6161,231.9361,0.0501,-0.2515,45.2120,73.7313,231.4143,0.3196,0.6132,12.3176,17.2594,232.6203,0.0705,0.714
2013-12-13T02:53:59.045Z,-3.3033,12.0494,232.5491,0.0512,-0.2737,45.4748,73.8947,231.5412,0.32,0.6154,12.3087,17.2333,232.9029,0.0704,0.7141
2013-12-13T02:54:59.228Z,-3.262,12.1339,232.6739,0.0511,-0.2688,45.5765,73.9278,231.5939,0.3199,0.6165,12.27,17.2204,233.0233,0.0704,0.7127
2013-12-13T02:55:59.333Z,-3.2471,12.0809,232.8847,0.0513,-0.2676,45.5397,74.0001,231.7313,0.3201,0.6154,12.3045,17.1841,232.6862,0.07,0.7168
2013-12-13T02:56:59.252Z,-3.4184,12.133,233.1317,0.0509,-0.2802,45.4851,74.0318,231.3904,0.3201,0.6144,12.3112,17.1958,232.8401,0.0701,0.7161
2013-12-13T02:57:59.387Z,-2.7226,11.1586,232.7611,0.0483,-0.241,45.2873,74.12,231.2593,0.32,0.611,12.3221,17.2512,232.9181,0.0705,0.7144
2013-12-13T02:58:59.489Z,-2.4035,10.8497,232.5333,0.0474,-0.2206,63.5402,99.2195,231.3541,0.4287,0.6404,12.4007,17.26,233.3305,0.0705,0.7186
2013-12-13T02:59:59.641Z,921.5266,972.0301,230.089,4.2336,0.6729,1327.0231,1472.8336,229.8804,6.4181,0.901,992.2402,1010.5577,231.8942,4.3663,0.9129
2013-12-13T03:00:59.715Z,1243.9524,1277.7157,229.4768,5.5682,0.9722,1732.5796,1838.8661,229.2013,8.0233,0.9422,1342.9954,1368.0968,231.1848,5.9175,0.98
2013-12-13T03:01:59.866Z,1269.1064,1312.4833,229.3241,5.7237,0.9688,1745.6262,1857.0492,228.9763,8.1098,0.94,1377.6342,1406.2135,231.5988,6.0716,0.98
2013-12-13T03:02:59.018Z,1260.7857,1302.6867,228.9421,5.6899,0.9695,1735.4987,1846.2752,228.7645,8.0702,0.94,1374.2187,1402.1803,231.7348,6.0505,0.98
2013-12-13T03:03:59.077Z,1266.7289,1309.5761,228.6199,5.7282,0.9698,1732.8789,1843.8805,228.8362,8.0577,0.9398,1373.8135,1401.3468,231.6183,6.05,0.98
2013-12-13T03:04:59.978Z,1273.4226,1317.5182,228.6215,5.7633,0.9684,1748.5369,1861.7301,228.5229,8.1469,0.9392,1379.3488,1411.2262,231.781,6.0886,0.9795
2013-12-13T03:05:59.493Z,1276.0945,1320.9893,228.6539,5.7772,0.9678,1750.7439,1863.8815,228.5812,8.1541,0.9393,1383.3882,1416.0314,231.6832,6.1116,0.9791
2013-12-13T03:06:59.680Z,1270.5855,1320.1157,228.645,5.7736,0.9608,1752.3264,1864.3754,228.8382,8.1468,0.9399,1399.2804,1433.1834,231.5492,6.1898,0.979
2013-12-13T03:07:59.883Z,1271.7211,1322.7705,228.9484,5.7773,0.96,1758.8688,1871.7344,228.9449,8.1756,0.9397,1406.5902,1442.5115,231.4361,6.2332,0.9758
2013-12-13T03:09:59.429Z,1277.8183,1330.9857,228.977,5.8128,0.9596,1763.8933,1877.8807,229.2218,8.1923,0.9393,1413.8317,1451.2549,231.2926,6.2746,0.9729
2013-12-13T03:10:59.783Z,1284.2924,1341.3618,228.6391,5.8662,0.9591,1756.9898,1875.1225,229.1987,8.1811,0.937,1421.4141,1458.7443,231.442,6.3029,0.9732
2013-12-13T03:11:59.911Z,1289.62,1346.0809,228.7366,5.8847,0.96,1759.2631,1884.3864,229.241,8.2207,0.9336,1420.7541,1459.6204,231.4658,6.3055,0.971
2013-12-13T03:12:59.056Z,1296.3764,1349.4413,229.2016,5.8871,0.96,1757.4803,1889.7638,229.2279,8.2438,0.93,1410.0407,1449.4887,231.0458,6.2737,0.9704
2013-12-13T03:13:59.768Z,1288.7778,1342.9282,228.9353,5.8656,0.9599,1765.3333,1895.3546,229.3388,8.2639,0.9314,1409.432,1452.394,230.5189,6.3009,0.97
2013-12-13T03:14:59.762Z,1280.4985,1339.2921,228.3782,5.8645,0.9572,1758.3510,1888.4663,229.1199,8.242,0.9311,1417.5217,1461.6907,230.5405,6.3401,0.97
2013-12-13T03:15:59.853Z,1272.7231,1333.568,228.1357,5.8457,0.9534,1759.6334,1883.9758,229.0477,8.2254,0.934,1420.8627,1465.9345,230.4049,6.3623,0.97
2013-12-13T03:16:59.052Z,1275.5046,1328.9646,228.6197,5.8131,0.96,1745.7995,1875.3889,228.5123,8.2065,0.9309,1397.1902,1438.9256,230.4066,6.2451,0.97
2013-12-13T03:17:59.676Z,1285.4106,1338.446,228.9099,5.8472,0.96,1748.5707,1880.1835,228.3694,8.2334,0.93,1395.2778,1437.1098,230.5511,6.2337,0.97
2013-12-13T03:18:59.703Z,1285.7396,1340.9015,228.5865,5.8659,0.9598,1753.3818,1885.3568,228.1689,8.2627,0.93,1392.5254,1437.5553,230.0841,6.2475,0.97
2013-12-13T03:19:59.980Z,1273.2087,1335.1116,228.1162,5.8533,0.9517,1747.1977,1878.7072,228.5278,8.2208,0.93,1410.9959,1457.4435,229.8696,6.3403,0.9686
2013-12-13T03:20:59.067Z,1270.4119,1333.7653,228.3046,5.8422,0.9501,1754.6116,1886.6791,228.417,8.2597,0.93,1408.1405,1458.7948,228.8416,6.3753,0.9654
2013-12-13T03:21:59.265Z,1257.5971,1322.7468,227.9003,5.8038,0.9501,1763.3399,1894.4348,228.3002,8.2978,0.9308,1407.7684,1464.6708,228.1749,6.4191,0.96
2013-12-13T03:22:59.428Z,1252.6215,1320.7623,227.9927,5.7928,0.9497,1766.3492,1898.6877,228.5597,8.3074,0.9303,1419.0975,1477.5134,228.2109,6.4738,0.96
2013-12-13T03:23:59.214Z,1265.2748,1335.9976,227.7347,5.8672,0.9488,1768.8022,1898.8752,228.6765,8.3037,0.9315,1436.7564,1492.337,229.5875,6.4997,0.9602
2013-12-13T03:24:59.642Z,1255.5348,1333.0529,227.4252,5.8617,0.9424,1786.5052,1900.5375,229.3881,8.2856,0.94,1469.282,1525.2868,230.4791,6.6178,0.961
2013-12-13T03:25:59.227Z,1257.5037,1338.383,226.9451,5.8974,0.94,1786.4937,1900.5252,229.4,8.2846,0.94,1475.0817,1531.3718,230.6735,6.6388,0.9605
2013-12-13T03:26:59.391Z,1261.3311,1345.1745,226.7418,5.932,0.9386,1782.9371,1897.751,229.1946,8.28,0.9395,1480.0728,1536.251,230.6833,6.6596,0.9612
2013-12-13T03:27:59.664Z,1262.4089,1350.8982,226.2846,5.9697,0.9339,1775.3592,1892.9088,229.011,8.2658,0.9379,1488.4691,1543.9674,230.8974,6.6868,0.9623
2013-12-13T03:28:59.742Z,1268.1422,1357.749,226.3834,5.9977,0.933,1776.7186,1896.9876,228.9733,8.2853,0.9366,1492.3324,1548.1038,230.9159,6.7035,0.9618
2013-12-13T03:29:59.541Z,1282.5993,1369.6132,226.5355,6.0463,0.9383,1773.9583,1905.4332,228.9147,8.3232,0.931,1484.0252,1540.1975,230.959,6.6687,0.9613
2013-12-13T03:30:59.749Z,1301.1423,1383.2698,227.1509,6.0896,0.9401,1781.8688,1915.988,228.5746,8.3816,0.93,1469.159,1525.6752,230.6387,6.6151,0.9604
2013-12-13T03:31:59.825Z,1317.5002,1393.1645,228.2505,6.1035,0.9468,1793.5499,1937.9253,228.6887,8.4741,0.9255,1456.7478,1515.55,230.2594,6.582,0.96
2013-12-13T03:32:59.509Z,1317.15,1392.7267,227.9886,6.1088,0.9474,1810.5148,1948.2565,229.2516,8.4983,0.9293,1462.968,1524.3296,230.4571,6.6141,0.96
2013-12-13T03:33:59.187Z,1321.9373,1399.004,227.7405,6.1432,0.9455,1804.5312,1949.58,229.3168,8.5018,0.9256,1464.3336,1525.744,230.4349,6.6209,0.96
2013-12-13T03:34:59.959Z,1310.1886,1387.9963,227.8859,6.0906,0.9429,1825.1556,1962.5329,229.9668,8.5344,0.93,1476.818,1542.8794,230.4401,6.6952,0.9598
2013-12-13T03:35:59.634Z,1315.1763,1392.7628,227.891,6.1115,0.9437,1829.3948,1967.0912,229.6077,8.5673,0.93,1472.7951,1539.5072,230.52,6.6788,0.9593
2013-12-13T03:36:59.726Z,1318.1141,1394.1724,228.1477,6.1105,0.9463,1828.7143,1966.3595,229.4498,8.5699,0.93,1469.927,1535.9989,230.5118,6.664,0.9595
2013-12-13T03:37:59.783Z,1324.1903,1402.5262,228.1128,6.148,0.9427,1827.6440,1968.8075,229.2956,8.5863,0.9283,1473.9306,1540.6438,230.3927,6.687,0.9594
2013-12-13T03:38:59.287Z,1338.2345,1418.1115,228.1925,6.2144,0.9419,1805.8990,1962.5071,229.0386,8.5684,0.9202,1476.1771,1538.816,230.5925,6.6737,0.96
2013-12-13T03:39:59.372Z,1332.6612,1417.6131,227.4724,6.2323,0.94,1815.8182,1964.7459,229.0089,8.5792,0.9242,1488.6996,1554.6786,230.9063,6.7329,0.9591
2013-12-13T03:40:59.670Z,1348.8871,1434.192,227.836,6.2949,0.9407,1819.0955,1977.2777,228.7618,8.6435,0.92,1489.9327,1556.4532,230.9195,6.7402,0.9592
2013-12-13T03:41:59.846Z,1374.9557,1455.4791,228.8771,6.3595,0.9442,1839.6399,2000.2609,228.3452,8.7603,0.9197,1481.0763,1549.9348,230.7701,6.7165,0.9565
2013-12-13T03:42:59.492Z,1380.904,1462.4634,228.7648,6.3934,0.9429,1847.2204,2012.6612,228.2239,8.8193,0.9178,1482.5949,1554.9188,230.7062,6.7399,0.9518
2013-12-13T03:43:59.590Z,1386.136,1469.3748,228.644,6.4263,0.9417,1849.8674,2019.5059,228.2125,8.8489,0.916,1489.074,1563.007,230.8905,6.7695,0.9508
2013-12-13T03:44:59.012Z,1363.3038,1455.4192,228.0812,6.3811,0.9374,1856.2630,2017.6772,228.595,8.8265,0.92,1509.7534,1588.2859,230.4824,6.8907,0.95
2013-12-13T03:45:59.217Z,1363.8713,1461.1524,227.4192,6.4248,0.9324,1848.8369,2009.6053,228.5151,8.7939,0.92,1518.1986,1595.4592,230.4788,6.9228,0.95
2013-12-13T03:46:59.520Z,1375.5784,1471.4508,227.1118,6.4794,0.9346,1848.7087,2014.5022,228.2928,8.8242,0.9177,1510.9183,1588.3631,230.7228,6.8846,0.95
2013-12-13T03:47:59.265Z,1377.2373,1468.6243,227.3645,6.4602,0.9392,1856.6573,2026.476,228.3163,8.876,0.9162,1498.4864,1579.4707,230.4008,6.8557,0.95
2013-12-13T03:48:59.629Z,1386.6348,1477.4687,227.457,6.4956,0.9398,1847.8595,2025.2735,228.3878,8.8675,0.9124,1497.3308,1575.7955,230.5377,6.8352,0.95
2013-12-13T03:49:59.550Z,1381.8122,1472.7277,227.8184,6.4643,0.9398,1870.0047,2036.1549,229.0312,8.8903,0.9184,1504.7951,1586.0635,230.2997,6.8865,0.9496
2013-12-13T03:50:59.018Z,1378.2324,1469.0327,227.3269,6.4621,0.9393,1852.2525,2028.7541,228.7373,8.8699,0.913,1494.7379,1576.3224,229.9751,6.8546,0.95
2013-12-13T03:51:59.402Z,1396.9991,1484.629,227.9503,6.5129,0.94,1857.3874,2040.6366,228.7067,8.9223,0.9102,1491.5356,1571.8403,230.2167,6.8274,0.95
2013-12-13T03:52:59.118Z,1412.7146,1496.4259,228.1389,6.5592,0.9432,1861.4740,2049.63,227.8637,8.9948,0.9082,1473.3477,1555.0089,230.1415,6.7566,0.9491
2013-12-13T03:53:59.218Z,1404.856,1491.6581,227.6368,6.5526,0.9401,1855.6632,2039.1903,228.0954,8.9397,0.91,1483.32,1563.2629,230.3587,6.7861,0.9498
2013-12-13T03:54:59.593Z,1382.3877,1475.2963,227.3861,6.4882,0.9365,1868.2322,2039.1096,228.6154,8.9191,0.9162,1503.7821,1587.9327,230.0096,6.9036,0.9485
2013-12-13T03:55:59.813Z,1365.7029,1464.3298,226.8988,6.4537,0.9306,1878.4123,2041.7525,228.8253,8.9231,0.92,1517.1235,1606.4084,229.7947,6.9908,0.9435
2013-12-13T03:56:59.078Z,1367.9359,1469.0179,227.0246,6.4711,0.93,1877.5050,2041.2101,228.4935,8.9331,0.9198,1525.3259,1614.1125,230.1519,7.013,0.9445
2013-12-13T03:57:59.646Z,1365.4062,1467.2928,226.8312,6.4688,0.93,1878.5485,2044.7899,227.7238,8.9791,0.9187,1514.0381,1607.587,229.5494,7.0041,0.9403
2013-12-13T03:58:59.636Z,1386.6183,1490.3019,227.1183,6.5618,0.93,1860.4634,2039.311,227.2471,8.9742,0.9123,1516.0017,1603.6966,229.8605,6.9769,0.9454
2013-12-13T03:59:59.710Z,1407.2403,1513.8762,226.7432,6.6765,0.9304,1833.0749,2027.5134,226.1353,8.9659,0.9041,1510.3005,1592.9658,230.2376,6.9186,0.9497
2013-12-13T04:00:59.444Z,1436.2882,1535.6453,227.2641,6.7572,0.9362,1812.0945,2031.2684,223.5232,9.0875,0.8921,1466.7097,1549.9613,229.8122,6.7449,0.9473
2013-12-13T04:01:59.482Z,1413.9108,1517.7635,225.9122,6.7176,0.9306,1825.3934,2035.452,225.4126,9.03,0.8968,1477.3592,1566.406,228.6133,6.8512,0.9415
2013-12-13T04:02:59.800Z,1430.0117,1534.3354,226.688,6.7686,0.9321,1838.5031,2042.1005,227.2911,8.9846,0.9003,1515.6054,1596.1973,230.5002,6.9249,0.949
2013-12-13T04:03:59.386Z,1433.057,1534.4674,227.867,6.7338,0.9326,1873.5164,2058.8092,228.5593,9.0078,0.91,1534.8515,1615.3112,230.9872,6.9927,0.95
2013-12-13T04:04:59.542Z,1422.2488,1524.6218,227.7234,6.6948,0.931,1884.0651,2066.5406,229.1149,9.0197,0.9117,1545.1311,1628.5768,231.1291,7.046,0.9496
2013-12-13T04:05:59.736Z,1408.8632,1510.9921,227.6375,6.6375,0.9311,1906.3643,2080.5024,229.8488,9.0515,0.9163,1550.2472,1639.7838,231.0024,7.0988,0.9457
2013-12-13T04:06:59.162Z,1395.8084,1499.0272,227.204,6.5976,0.93,1916.0985,2082.9422,229.7289,9.067,0.9199,1550.5878,1644.6823,231.0245,7.1189,0.9408
2013-12-13T04:07:59.212Z,1408.378,1511.6598,227.4493,6.6459,0.9301,1896.4621,2075.5851,228.6808,9.0766,0.9137,1544.1099,1635.2505,230.9733,7.0802,0.9436
2013-12-13T04:08:59.406Z,1421.0457,1522.2644,227.731,6.6848,0.9327,1893.4535,2078.8905,228.5132,9.0976,0.9108,1536.0819,1625.7331,230.7297,7.0461,0.9448
2013-12-13T04:09:59.624Z,1427.229,1528.7403,227.8101,6.7105,0.9318,1888.7768,2075.5789,228.3497,9.0899,0.91,1534.5764,1622.4378,230.6793,7.0336,0.947
2013-12-13T04:10:59.891Z,1427.0992,1533.7809,227.2168,6.7499,0.93,1877.4165,2064.0023,228.3625,9.0387,0.9096,1541.3634,1626.3959,230.8403,7.0455,0.9483
2013-12-13T04:11:59.490Z,1420.5842,1541.9653,225.1225,6.8496,0.9207,1837.1783,2030.48,227.9282,8.9087,0.9048,1557.0587,1635.9567,231.2705,7.0734,0.9502
2013-12-13T04:12:59.842Z,1432.2758,1535.2442,228.0227,6.7327,0.932,1867.5763,2072.5517,227.3574,9.116,0.9011,1519.6674,1609.5168,229.4004,7.0159,0.9432
2013-12-13T04:13:59.099Z,1428.5388,1527.1218,228.7026,6.677,0.9361,1890.0180,2089.1102,227.859,9.1683,0.9047,1515.6154,1609.7696,229.0663,7.0275,0.9408
2013-12-13T04:14:59.832Z,1422.9413,1525.7445,228.1962,6.6859,0.9313,1887.8161,2083.9122,228.1299,9.1345,0.9059,1526.0748,1619.9931,229.1926,7.0682,0.9406
2013-12-13T04:15:59.099Z,1398.5203,1503.9412,227.88,6.5995,0.93,1904.1505,2090.6352,228.553,9.1473,0.9108,1535.8476,1636.9353,229.017,7.1475,0.9399
2013-12-13T04:16:59.779Z,1400.0799,1500.266,227.9598,6.5812,0.9325,1902.2299,2088.2972,228.9132,9.1231,0.9109,1526.8597,1625.0416,229.1743,7.0908,0.94
2013-12-13T04:17:59.648Z,1395.4454,1493.1355,227.3775,6.5671,0.9355,1897.2175,2081.1952,228.9932,9.0881,0.9116,1517.9188,1614.9563,229.4503,7.0384,0.9406
2013-12-13T04:18:59.785Z,1410.4932,1522.8204,224.896,6.7712,0.9272,1830.8533,2025.9525,227.9371,8.8882,0.9037,1526.3865,1607.0018,230.2048,6.9808,0.9495
2013-12-13T04:19:59.541Z,1422.6325,1525.3825,226.736,6.7277,0.9328,1844.0436,2045.7551,227.8337,8.9791,0.9014,1511.5043,1593.9557,229.6499,6.9403,0.9489
2013-12-13T04:20:59.337Z,1423.6682,1521.7141,227.5908,6.6861,0.9363,1853.6084,2056.3661,227.935,9.0216,0.9014,1505.0017,1590.1635,229.3014,6.9346,0.948
2013-12-13T04:21:59.098Z,1420.1785,1514.95,228.1848,6.6393,0.9393,1881.9515,2071.2651,228.4796,9.065,0.9086,1505.0901,1594.0567,229.1757,6.9557,0.9434
2013-12-13T04:23:59.284Z,1422.052,1516.1458,228.465,6.636,0.9395,1884.0072,2076.4986,227.8444,9.1136,0.9073,1502.7958,1593.5611,229.4445,6.9455,0.941
2013-12-13T04:24:59.541Z,1419.237,1515.0547,228.4886,6.6305,0.9372,1891.7915,2080.9498,228.1171,9.1218,0.9091,1514.7558,1606.6149,229.8344,6.99,0.9413
2013-12-13T04:25:59.833Z,1402.7445,1503.0628,228.1084,6.5895,0.9318,1898.7160,2083.7533,228.9401,9.1015,0.9112,1533.8592,1628.1533,230.0695,7.0764,0.94
2013-12-13T04:26:59.935Z,1394.813,1498.3178,227.651,6.5818,0.93,1899.0162,2080.2018,228.9238,9.0868,0.9129,1536.4953,1632.9729,229.8287,7.1051,0.9401
2013-12-13T04:27:59.096Z,1408.9644,1511.5065,227.7897,6.6354,0.9313,1884.9389,2072.0445,228.0937,9.0844,0.9097,1529.3745,1621.3208,230.0252,7.0482,0.9419
2013-12-13T04:28:59.178Z,1446.644,1549.4424,227.933,6.7979,0.933,1849.3248,2053.8925,226.978,9.0486,0.9004,1528.2478,1606.7297,231.4915,6.9407,0.9509
2013-12-13T04:29:59.231Z,1432.8891,1552.9616,225.4931,6.8869,0.9212,1822.7587,2019.901,227.7127,8.8704,0.9024,1561.1448,1632.9727,232.1391,7.0344,0.9575
2013-12-13T04:30:59.184Z,1446.2176,1550.6557,227.5764,6.8137,0.9325,1859.5459,2060.4387,228.1523,9.0307,0.9025,1536.6813,1615.7939,231.2218,6.9879,0.9508
2013-12-13T04:31:59.329Z,1442.2758,1547.7381,227.5608,6.8012,0.9309,1857.9643,2061.8847,227.8774,9.0482,0.9011,1536.7687,1617.9714,230.976,7.0043,0.95
2013-12-13T04:32:59.055Z,1442.3286,1545.8646,228.132,6.7764,0.9311,1869.9785,2069.247,228.3425,9.0621,0.9037,1536.7443,1619.2149,230.4342,7.0266,0.9493
2013-12-13T04:33:59.150Z,1432.5991,1535.0965,227.8934,6.7357,0.9317,1877.1128,2077.8313,228.5839,9.0901,0.9034,1525.4066,1614.2135,229.3084,7.04,0.9444
2013-12-13T04:34:59.308Z,1415.515,1516.4273,227.5308,6.6646,0.9327,1895.2688,2086.1517,228.567,9.1272,0.9085,1518.2602,1615.038,228.8422,7.0575,0.9403
2013-12-13T04:35:59.751Z,1406.7433,1514.688,227.0857,6.6699,0.9297,1890.5897,2077.5711,228.3186,9.0999,0.91,1537.2094,1632.8033,229.5166,7.1139,0.94
2013-12-13T04:36:59.091Z,1403.0653,1512.7389,226.9352,6.6652,0.9284,1893.0377,2080.2612,228.5963,9.1008,0.91,1541.2697,1638.566,229.3618,7.144,0.94
2013-12-13T04:37:59.162Z,1406.7926,1514.8283,227.2764,6.6652,0.93,1897.8917,2085.5953,228.9735,9.1084,0.91,1546.3691,1643.7221,229.5636,7.1604,0.9402
2013-12-13T04:38:59.338Z,1412.8977,1521.0152,227.7633,6.6784,0.93,1896.7772,2084.3706,228.8142,9.109,0.91,1547.4673,1642.7863,229.5261,7.1572,0.9401
2013-12-13T04:39:59.357Z,1413.909,1516.332,227.9799,6.6513,0.9302,1909.1200,2097.9341,228.6693,9.174,0.91,1527.6684,1628.6248,228.7741,7.1187,0.9398
2013-12-13T04:40:59.874Z,1427.1627,1529.2885,228.4056,6.6955,0.9316,1899.0028,2093.257,228.0381,9.1797,0.9072,1526.9373,1623.2448,229.1067,7.0848,0.94
2013-12-13T04:41:59.107Z,1426.6879,1532.3579,228.1558,6.7164,0.93,1897.6339,2088.0655,228.0929,9.1543,0.9088,1536.4759,1631.361,229.3629,7.1126,0.94
2013-12-13T04:42:59.195Z,1404.1028,1509.4166,227.9413,6.6216,0.93,1922.3561,2103.2342,229.1199,9.1798,0.914,1544.0777,1647.5367,229.0547,7.1926,0.9381
2013-12-13T04:43:59.317Z,1375.3333,1501.2552,224.8697,6.6764,0.9163,1899.0230,2064.6043,229.912,8.9798,0.9198,1583.9318,1682.3024,229.9849,7.3147,0.9399
2013-12-13T04:44:59.415Z,1368.0615,1500.2992,224.2439,6.6909,0.91,1893.1829,2057.8075,230.1252,8.9427,0.92,1599.9431,1696.9595,230.4465,7.3641,0.9402
2013-12-13T04:45:59.666Z,1361.602,1495.5566,223.8513,6.6807,0.9101,1897.0985,2062.0636,230.1888,8.9579,0.92,1601.9566,1702.6115,230.3645,7.3911,0.94
2013-12-13T04:46:59.572Z,1351.827,1488.3337,223.5804,6.6574,0.9098,1904.3131,2063.8486,230.7671,8.9436,0.9227,1611.4652,1714.1477,230.2946,7.443,0.94
2013-12-13T04:47:59.892Z,1348.9142,1486.1581,223.2903,6.6556,0.909,1909.1614,2065.0745,231.0547,8.9377,0.9245,1612.1902,1715.9427,230.1038,7.4573,0.94
2013-12-13T04:48:59.346Z,1334.5969,1477.9844,222.8276,6.6323,0.9023,1892.5361,2053.9788,230.5147,8.9107,0.9214,1603.1909,1711.288,228.3904,7.4923,0.9375
2013-12-13T04:49:59.955Z,1346.6097,1489.2572,222.9448,6.6799,0.9049,1885.9412,2049.9361,230.5148,8.8928,0.92,1596.5752,1701.0835,228.1715,7.4552,0.9398
2013-12-13T04:50:59.545Z,1352.216,1499.4568,222.3353,6.7436,0.9006,1877.1036,2040.5518,230.0501,8.8697,0.9199,1601.8071,1702.7908,228.6418,7.4474,0.94
2013-12-13T04:51:59.731Z,1356.9162,1517.763,220.0354,6.898,0.8937,1839.1602,2005.846,229.7074,8.7326,0.9169,1628.8609,1718.7346,230.77,7.4479,0.9469
2013-12-13T04:52:59.917Z,1369.6712,1528.3376,220.4727,6.932,0.8972,1827.2711,2006.2265,229.4045,8.7455,0.9108,1624.2587,1711.7476,231.0789,7.4075,0.95
2013-12-13T04:53:59.973Z,1364.8701,1523.8502,220.7373,6.9039,0.8959,1842.9894,2010.8995,229.3941,8.766,0.9165,1629.7135,1718.8512,231.1832,7.4348,0.9499
2013-12-13T04:54:59.681Z,1361.5805,1515.8154,221.1651,6.8542,0.8984,1812.2522,1983.6386,228.08,8.6971,0.9136,1611.698,1692.8716,231.5626,7.3103,0.9503
2013-12-13T04:55:59.759Z,1338.8702,1496.7862,220.5716,6.7862,0.8946,1816.5485,1976.0127,228.5215,8.6472,0.9193,1618.9225,1701.9655,231.4378,7.3542,0.95
2013-12-13T04:56:59.131Z,1322.3451,1482.272,219.859,6.7418,0.8923,1826.5695,1977.4488,229.3149,8.6231,0.9237,1629.8516,1715.7824,231.7988,7.402,0.95
2013-12-13T04:57:59.430Z,1350.1166,1501.9091,220.8625,6.8002,0.8986,1829.6633,1986.8208,227.9948,8.7145,0.9209,1613.551,1696.5882,232.7198,7.2904,0.95
2013-12-13T17:51:59.968Z,86.8571,151.7985,226.9857,0.837,2.6121,74.4805,154.3638,221.2845,0.5185,0.4825,104.0964,158.546,227.7171,0.5222,0.6846
2013-12-13T17:52:59.068Z,-3.6196,12.5551,231.0712,0.0533,-0.2873,8.0084,15.9658,225.8687,0.0705,0.5016,12.3947,17.2223,232.2633,0.0709,0.7193
2013-12-13T17:53:59.131Z,-3.578,12.4965,231.3324,0.0535,-0.2848,8.0780,16.05,226.5517,0.0705,0.5033,12.3944,17.2662,232.3411,0.0713,0.7179
2013-12-13T17:54:59.240Z,-3.5872,12.436,231.3303,0.0529,-0.288,8.0527,16.003,227.8171,0.07,0.5032,12.2971,17.1382,230.7888,0.0715,0.7173
2013-12-13T17:55:59.291Z,-3.5234,12.3721,231.3016,0.0533,-0.2835,8.0225,15.9429,227.1039,0.0699,0.5032,12.2444,17.1521,230.7015,0.0709,0.7143
2013-12-13T17:56:59.372Z,-3.5829,12.439,231.0347,0.0535,-0.287,8.0513,15.9117,227.582,0.07,0.506,12.2633,17.0857,230.0591,0.0706,0.7176
2013-12-13T17:57:59.475Z,-3.4236,12.193,230.8329,0.052,-0.28,7.9016,15.8571,227.511,0.0703,0.4983,12.3096,17.0544,230.3157,0.0704,0.7215
2013-12-13T17:58:59.584Z,-3.5224,12.381,230.8434,0.0528,-0.2844,35.1255,59.4743,226.4337,0.2637,0.5906,12.3101,17.1252,231.3912,0.0707,0.7193
2013-12-13T17:59:59.768Z,-3.5833,12.3811,230.2769,0.0533,-0.2887,44.7460,71.7888,226.6722,0.3184,0.6233,12.3988,17.2861,232.9723,0.0711,0.7173
2013-12-13T18:00:59.869Z,-3.5365,12.3301,230.1926,0.0529,-0.2857,45.0436,71.8972,227.2967,0.3173,0.6265,12.3927,17.2685,233.1806,0.0706,0.7176
2013-12-13T18:01:59.988Z,-3.6423,12.5151,230.6365,0.0543,-0.2899,44.7989,71.9314,227.2022,0.3177,0.6228,12.4004,17.2785,232.7891,0.0711,0.718
2013-12-13T18:02:59.115Z,-3.4371,12.0284,227.9674,0.0523,-0.2848,44.7929,71.0097,227.0678,0.3115,0.6308,12.4576,17.3234,233.7977,0.071,0.7188
2013-12-13T18:03:59.242Z,-3.5455,12.2596,229.2587,0.0528,-0.2885,44.8206,71.4956,227.4301,0.3143,0.6269,12.4144,17.3096,233.2013,0.0707,0.7178
2013-12-13T18:04:59.423Z,-3.6038,12.3474,229.8646,0.0535,-0.2911,45.1700,72.2604,229.3431,0.3155,0.6251,12.3507,17.2117,232.5764,0.0702,0.7177
2013-12-13T18:05:59.548Z,-3.5383,12.3853,229.886,0.0532,-0.2848,45.5561,72.6456,230.2628,0.3162,0.6271,12.4857,17.2706,232.851,0.071,0.7226
2013-12-13T18:06:59.666Z,-3.6352,12.493,230.1988,0.0538,-0.2901,45.7699,72.7662,230.4149,0.3168,0.629,12.452,17.3319,233.8253,0.0707,0.7185
2013-12-13T18:07:59.825Z,-3.5857,12.3409,230.0549,0.0532,-0.2891,45.6176,72.628,229.8657,0.3166,0.6281,12.4112,17.2659,233.4294,0.0705,0.7187
2013-12-13T18:08:59.925Z,-3.6626,12.4997,230.0679,0.0541,-0.2931,45.7726,72.5397,229.8397,0.3169,0.631,12.4091,17.3053,233.6762,0.0706,0.7171
2013-12-13T18:09:59.059Z,-3.5787,12.2698,229.9388,0.0524,-0.2914,45.4596,72.596,230.2607,0.316,0.6262,12.4061,17.1789,232.2848,0.0707,0.7223
2013-12-13T18:10:59.228Z,-3.6852,12.4532,229.8157,0.0538,-0.2961,45.6847,72.8973,231.0822,0.3161,0.6267,12.446,17.2128,232.2618,0.0709,0.7229
2013-12-13T18:11:59.395Z,-3.6086,12.3948,230.1396,0.0537,-0.2903,45.0380,72.3386,229.6445,0.3153,0.6226,12.3738,17.2149,231.7523,0.0711,0.7185
2013-12-13T18:12:59.716Z,-3.5976,12.4187,231.1246,0.0529,-0.289,44.5528,71.709,226.4578,0.3183,0.6213,12.3273,17.2071,231.6967,0.0712,0.7172
2013-12-13T18:13:59.793Z,-3.6188,12.4882,230.8618,0.0535,-0.2894,45.1072,72.3799,228.5238,0.3184,0.6232,12.3388,17.2626,232.6015,0.0711,0.715
2013-12-13T18:15:59.178Z,-3.6358,12.3947,230.5713,0.0529,-0.2929,44.9832,72.5067,229.6774,0.3166,0.6204,12.3295,17.2413,232.0141,0.0711,0.7156
2013-12-13T18:16:59.319Z,-3.5805,12.3695,229.9749,0.0532,-0.2884,45.4178,72.7267,230.6362,0.3159,0.6245,12.3838,17.2067,232.4639,0.0705,0.719
2013-12-13T18:17:59.418Z,-3.5716,12.2564,227.9783,0.0535,-0.2904,45.3304,71.8845,230.4121,0.3106,0.6306,12.4628,17.2726,233.6276,0.0704,0.7212
2013-12-13T18:18:59.814Z,-3.5599,12.288,230.5257,0.0528,-0.2888,45.2230,72.496,229.7333,0.316,0.6238,12.4252,17.2782,233.5406,0.0706,0.7199
2013-12-13T18:19:59.940Z,-2.7855,11.2743,231.3851,0.0491,-0.2444,45.5945,73.362,230.8229,0.3196,0.6215,12.436,17.3597,233.2707,0.0713,0.7171
2013-12-13T18:20:59.014Z,-3.2476,11.8552,232.4441,0.0509,-0.2712,45.6848,73.5784,230.9412,0.3197,0.6209,12.4174,17.2778,233.151,0.0704,0.719
2013-12-13T18:21:59.137Z,-3.562,12.3387,233.2297,0.0522,-0.2881,45.6475,73.625,230.9493,0.32,0.62,12.383,17.214,232.0287,0.0707,0.7197
2013-12-13T18:22:59.459Z,-3.3729,12.0206,232.7185,0.0512,-0.2772,45.0038,73.3797,230.5422,0.3194,0.6133,12.2913,17.0906,230.7797,0.0707,0.7194
2013-12-13T18:23:59.542Z,-2.6028,11.0457,232.061,0.0482,-0.2345,45.1211,73.4752,230.7168,0.3197,0.6141,12.351,17.137,230.8417,0.0713,0.7207
2013-12-13T18:24:59.631Z,-2.5012,10.9278,231.2516,0.0478,-0.2287,45.3148,73.4914,231.4696,0.319,0.6166,12.3055,17.0861,230.3961,0.0706,0.7206
2013-12-13T18:25:59.848Z,-2.6057,10.96,230.2668,0.0486,-0.2369,45.1301,73.2988,231.5572,0.3181,0.6157,12.2671,17.1086,230.2026,0.0712,0.7165
2013-12-13T18:26:59.004Z,-3.052,11.7034,231.3174,0.0507,-0.2588,45.0726,73.1342,230.4184,0.3193,0.6163,12.3142,17.1189,230.862,0.0707,0.7198
2013-12-13T18:27:59.046Z,-3.5853,12.2777,232.1616,0.0518,-0.2915,45.0806,72.9932,229.6755,0.3194,0.6176,12.3427,17.1293,230.7284,0.0712,0.7205
2013-12-13T18:28:59.141Z,-3.7061,12.4997,232.3356,0.0534,-0.2957,44.8876,72.7749,229.1569,0.3194,0.6168,12.2938,17.0689,230.1143,0.0714,0.7203
2013-12-13T18:29:59.210Z,-3.651,12.5116,232.29,0.053,-0.2911,44.3823,72.2956,227.478,0.3193,0.6139,12.2523,17.0521,230.2978,0.0706,0.7186
2013-12-13T18:30:59.334Z,-3.4924,12.3055,232.563,0.052,-0.2832,43.8664,71.5018,224.6032,0.3196,0.6135,12.3216,17.1469,230.8866,0.0707,0.7191
2013-12-13T18:31:59.489Z,-3.5148,12.3831,231.8761,0.0526,-0.2831,44.2580,71.5801,225.4177,0.3195,0.6183,12.2944,17.1617,231.7354,0.0707,0.7163
2013-12-13T18:32:59.774Z,-3.5988,12.421,231.7817,0.0528,-0.2885,45.0846,72.3553,227.5417,0.3196,0.6231,12.4431,17.2076,232.251,0.0703,0.7236
2013-12-13T18:33:59.898Z,-3.6849,12.4499,231.9502,0.0532,-0.2956,45.2648,72.855,229.274,0.3193,0.6213,12.3731,17.2467,232.0159,0.0709,0.7184
2013-12-13T18:34:59.973Z,-2.7983,11.2904,231.8596,0.0494,-0.2456,45.5014,73.413,230.4867,0.3198,0.6198,12.4227,17.1757,231.7218,0.0706,0.7235
2013-12-13T18:35:59.092Z,-2.5373,10.9504,231.2728,0.0477,-0.2304,45.6664,73.5014,230.9215,0.3196,0.6213,12.3752,17.1953,231.709,0.0708,0.7191
2013-12-13T18:36:59.292Z,-3.1182,11.614,228.6436,0.0506,-0.2658,45.8315,72.7138,231.4384,0.3128,0.6303,12.4734,17.2751,233.1105,0.0706,0.7225
2013-12-13T18:37:59.421Z,-3.6856,12.4763,231.669,0.0535,-0.2949,45.7773,73.3963,231.4529,0.3183,0.6237,12.3267,17.154,231.8309,0.0704,0.7185
2013-12-13T18:38:59.584Z,-3.7281,12.6128,233.0723,0.0535,-0.295,45.1774,73.3757,230.3335,0.32,0.6157,12.3612,17.1433,231.1272,0.0713,0.721
2013-12-13T18:39:59.723Z,-3.6366,12.4848,233.0766,0.0536,-0.2901,44.9921,73.2055,229.8123,0.3197,0.6146,12.2882,17.0733,230.564,0.0705,0.7197
2013-12-13T18:40:59.860Z,-3.6578,12.4984,233.2709,0.0531,-0.2927,45.0861,73.3943,230.1824,0.3198,0.6143,12.2718,17.0715,230.2489,0.0714,0.7184
2013-12-13T18:41:59.985Z,-3.7077,12.5523,233.4657,0.0533,-0.2948,45.3060,73.5129,230.2354,0.3199,0.6163,12.3213,17.1179,231.0606,0.071,0.7201
2013-12-13T18:42:59.056Z,-3.6579,12.495,232.7515,0.0533,-0.2928,45.4911,73.5864,231.0001,0.3199,0.6182,12.3042,17.1287,231.1855,0.0704,0.7184
2013-12-13T18:43:59.171Z,-3.6822,12.6022,232.5346,0.0536,-0.2923,45.4468,73.3841,230.7277,0.3196,0.6193,12.361,17.1333,231.5662,0.0703,0.7217
2013-12-13T18:44:59.343Z,-3.6387,12.509,232.4617,0.0532,-0.2897,45.8493,73.4412,230.8638,0.3194,0.6243,12.3684,17.2374,232.4836,0.0705,0.7178
2013-12-13T18:45:59.588Z,-2.8091,11.2585,231.7623,0.0488,-0.2474,45.7136,73.601,230.9035,0.32,0.6211,12.4141,17.264,232.2581,0.0711,0.7194
2013-12-13T18:46:59.703Z,-2.5524,11.0063,231.6828,0.0484,-0.231,45.8559,73.6996,230.966,0.32,0.6222,12.4634,17.1851,231.4084,0.0711,0.7253
2013-12-13T18:47:59.757Z,-2.542,11.03,231.7331,0.0483,-0.23,45.7084,73.7351,231.1613,0.3199,0.6199,12.4355,17.159,231.3196,0.0702,0.725
2013-12-13T18:48:59.845Z,-2.5665,10.9843,232.2067,0.0478,-0.2326,45.7311,73.7123,230.8266,0.32,0.6204,12.4152,17.2802,232.3149,0.0711,0.7187
2013-12-13T18:49:59.974Z,-2.5916,11.1066,233.0536,0.0486,-0.2321,45.3849,73.6649,230.0121,0.32,0.6161,12.4221,17.3012,232.1686,0.0714,0.7186
2013-12-13T18:50:59.148Z,-2.599,11.0331,232.8019,0.0474,-0.2348,45.2523,73.6648,230.1822,0.3202,0.6143,12.4274,17.2192,232.174,0.0708,0.7224
2013-12-13T18:51:59.203Z,-2.5715,11.0099,232.4857,0.0483,-0.2333,45.5333,73.774,230.8582,0.32,0.6172,12.4228,17.2421,232.6812,0.0705,0.7206
2013-12-13T18:52:59.290Z,-2.6931,11.1804,231.7212,0.0493,-0.2397,45.8292,73.799,231.4755,0.32,0.621,12.4677,17.3785,233.0297,0.0719,0.7177
2013-12-13T18:53:59.400Z,-2.746,11.4159,231.3463,0.0502,-0.2395,46.0231,73.7077,231.4335,0.3201,0.6244,12.4079,17.476,233.6261,0.0732,0.7101
2013-12-13T18:54:59.548Z,-3.7011,12.6186,232.2833,0.0543,-0.292,46.2590,73.7313,231.4726,0.3197,0.6274,12.3385,17.3937,233.8161,0.072,0.7095
2013-12-13T18:55:59.755Z,-3.6938,12.7177,232.7207,0.0544,-0.2899,45.5484,73.3587,230.4494,0.3196,0.6209,12.36,17.3836,233.4589,0.0729,0.7107
2013-12-13T18:56:59.810Z,-3.726,12.5309,232.7752,0.0537,-0.2966,45.5656,73.3391,230.1018,0.3198,0.6213,12.4121,17.314,233.0312,0.071,0.7171
2013-12-13T18:57:59.938Z,-3.7614,12.6043,233.0823,0.0539,-0.2971,45.7174,73.4888,230.3607,0.3201,0.6221,12.4215,17.2749,232.998,0.0712,0.7195
2013-12-13T18:58:59.024Z,-3.6954,12.5384,233.1751,0.0535,-0.2939,45.8815,73.8001,230.9145,0.3201,0.6217,12.4284,17.27,232.8726,0.071,0.7197
2013-12-13T18:59:59.143Z,-3.6674,12.5867,233.9129,0.0535,-0.2903,45.9699,73.9304,231.0544,0.32,0.6218,12.4,17.3186,232.978,0.0712,0.7167
2013-12-13T19:00:59.318Z,-3.5796,12.5134,233.8188,0.0527,-0.2856,45.6292,73.643,230.0956,0.32,0.6196,12.4054,17.2123,232.4677,0.0706,0.7206
2013-12-13T19:01:59.448Z,-3.651,12.6381,233.7771,0.053,-0.2894,45.5428,73.6223,229.8385,0.32,0.6186,12.3794,17.1857,232.2309,0.0703,0.7209
2013-12-13T19:02:59.590Z,-3.6578,12.5103,233.2653,0.0531,-0.2918,45.5793,73.4676,229.9721,0.3199,0.6204,12.3939,17.2716,232.6637,0.0705,0.718
2013-12-13T19:03:59.744Z,-3.6487,12.5113,233.1253,0.0532,-0.2917,45.8246,73.7086,230.9856,0.32,0.6217,12.4251,17.234,232.8477,0.0705,0.721
2013-12-13T19:04:59.897Z,-3.6221,12.5128,233.4321,0.0527,-0.2889,45.8387,73.3771,229.6745,0.32,0.6247,12.5082,17.4414,234.7676,0.0711,0.7173
2013-12-13T19:05:59.986Z,-3.5928,12.5074,234.5376,0.0528,-0.2862,45.7383,73.7477,229.8626,0.32,0.6202,12.5071,17.4046,234.8505,0.0711,0.7187
2013-12-13T19:06:59.119Z,-3.6985,12.7352,235.5025,0.0534,-0.2901,45.6304,73.6211,228.951,0.3205,0.6198,12.5022,17.462,235.6725,0.0707,0.716
2013-12-13T19:07:59.187Z,-3.5974,12.4663,233.4574,0.0529,-0.2876,44.4686,71.9207,224.8071,0.32,0.6183,12.459,17.4186,234.3019,0.0714,0.7161
2013-12-13T19:08:59.294Z,-3.6084,12.5416,233.6076,0.0529,-0.287,44.5538,71.9771,224.9588,0.32,0.619,12.4811,17.4311,234.487,0.0717,0.716
2013-12-13T19:09:59.476Z,-3.6535,12.6313,232.7282,0.0537,-0.2881,44.3238,71.6055,224.4918,0.3196,0.619,12.4365,17.4755,234.2221,0.0723,0.7122
2013-12-13T19:10:59.610Z,-3.6024,12.3473,232.0513,0.053,-0.2907,44.6451,72.8186,228.7191,0.32,0.6131,12.387,17.0983,230.6267,0.0707,0.7247
2013-12-13T19:11:59.770Z,-3.629,12.4865,232.665,0.0527,-0.2902,44.8118,73.1383,229.2835,0.3198,0.6127,12.3211,17.1752,231.5088,0.0712,0.7173
2013-12-13T19:12:59.904Z,-3.6368,12.4426,233.1848,0.0527,-0.2909,45.0879,73.457,230.0781,0.3199,0.6138,12.3491,17.2054,231.9571,0.0707,0.7183
2013-12-13T19:13:59.046Z,-3.6078,12.3153,232.8769,0.0518,-0.2922,45.0766,73.5824,230.4837,0.32,0.6126,12.3514,17.1845,231.4131,0.071,0.7185
2013-12-13T19:14:59.252Z,-3.7451,12.4663,232.879,0.0531,-0.2993,45.2218,73.5553,230.5913,0.32,0.6148,12.3279,17.2019,231.6213,0.0707,0.7178
2013-12-13T19:15:59.308Z,-3.6168,12.3476,232.9928,0.0523,-0.2918,45.4243,73.7048,230.6944,0.3201,0.6163,12.4171,17.191,232.2712,0.0704,0.7224
2013-12-13T19:16:59.438Z,-3.5702,12.3578,232.6753,0.0523,-0.2886,45.0903,73.1391,229.6527,0.3199,0.6165,12.3924,17.2588,232.9184,0.071,0.7183
2013-12-13T19:17:59.600Z,-3.5959,12.3577,232.6917,0.0524,-0.2907,45.0080,72.9938,229.0157,0.3199,0.6166,12.4222,17.2698,233.1849,0.0706,0.7198
2013-12-13T19:18:59.695Z,-3.6562,12.4426,232.7329,0.0531,-0.2931,45.3297,73.2898,229.7537,0.3198,0.6185,12.3578,17.2624,233.2004,0.0706,0.7155
2013-12-13T19:19:59.800Z,-3.5928,12.3482,233.005,0.052,-0.29,45.4957,73.4038,229.717,0.32,0.6198,12.4084,17.2873,233.7029,0.0704,0.7179
2013-12-13T19:20:59.931Z,-3.5501,12.2741,229.9763,0.0524,-0.2883,45.4065,72.5807,230.4812,0.3145,0.6256,12.466,17.3367,234.5804,0.0701,0.7189
2013-12-13T19:21:59.062Z,-3.4863,12.3136,230.0162,0.0527,-0.283,45.5891,72.5248,230.3048,0.3151,0.6286,12.3936,17.4389,234.8982,0.0707,0.7115
2013-12-13T19:22:59.221Z,-3.479,12.2711,229.6094,0.0529,-0.2835,45.5012,72.4196,230.1027,0.3143,0.6283,12.4654,17.4065,235.0462,0.0706,0.7159
2013-12-13T19:23:59.339Z,-3.4917,12.127,229.2467,0.0523,-0.2872,45.6179,72.5591,230.7627,0.3139,0.6287,12.5003,17.4237,234.8574,0.0707,0.7179
2013-12-13T19:24:59.415Z,-2.9753,11.3837,228.8209,0.0497,-0.2589,45.6760,72.9649,231.7773,0.3144,0.626,12.5081,17.3703,233.8716,0.0706,0.7202
2013-12-13T19:25:59.470Z,-3.3285,11.9466,231.0168,0.0515,-0.2764,45.6098,73.363,231.1359,0.3194,0.6217,12.4161,17.2189,232.5671,0.0706,0.7209
2013-12-13T19:26:59.685Z,-3.5082,12.1862,231.5476,0.0516,-0.2878,45.0746,73.0544,230.4927,0.3188,0.617,12.3568,17.1856,232.1848,0.0706,0.7193
2013-12-13T19:27:59.771Z,-3.4857,12.0895,229.29,0.052,-0.288,45.0436,72.2315,229.8256,0.3138,0.6236,12.3793,17.3101,233.341,0.0705,0.7153
2013-12-13T19:28:59.904Z,-2.5761,10.9584,228.5398,0.0485,-0.2335,45.1672,72.3485,229.9159,0.3146,0.6243,12.4644,17.4245,234.3744,0.0709,0.7155
2013-12-13T19:29:59.033Z,-2.5186,10.9015,229.836,0.0486,-0.2305,45.4240,72.8766,229.9419,0.3176,0.6233,12.4794,17.398,234.6971,0.0709,0.7172
2013-12-13T19:30:59.110Z,-3.0401,11.6335,231.2744,0.0506,-0.259,45.5821,73.0834,229.6781,0.3198,0.6237,12.4605,17.4178,234.1538,0.0709,0.7156
2013-12-13T19:31:59.200Z,-3.4049,12.2726,231.8195,0.0526,-0.2761,45.3721,72.9924,229.5462,0.3198,0.6216,12.4228,17.3207,233.8932,0.0705,0.7172
2013-12-13T19:32:59.313Z,-3.5892,12.3937,230.2878,0.053,-0.289,45.6534,72.8009,230.3047,0.317,0.6271,12.519,17.3284,234.3332,0.0704,0.7227
2013-12-13T19:33:59.462Z,-3.4622,12.1924,229.0063,0.0527,-0.2832,45.0804,72.2326,229.6706,0.3139,0.6241,12.4516,17.3569,234.4137,0.0707,0.7178
2013-12-13T19:34:59.715Z,-3.5467,12.2532,230.3805,0.0527,-0.2892,44.7153,72.1214,227.7684,0.3164,0.62,12.4567,17.3546,234.1129,0.0705,0.7181
2013-12-13T19:35:59.804Z,-3.5011,12.4293,232.5129,0.0529,-0.2817,44.5515,72.277,226.5193,0.3199,0.6164,12.4626,17.2871,233.5789,0.0705,0.7211
2013-12-13T19:36:59.906Z,-3.5201,12.3275,231.7829,0.0527,-0.2851,44.6252,72.7743,228.7826,0.3194,0.6132,12.3294,17.1865,232.5126,0.0702,0.7172
2013-12-13T19:37:59.952Z,-3.661,12.482,231.5465,0.0528,-0.2922,44.9422,72.899,229.2449,0.3194,0.6165,12.3497,17.2243,232.2211,0.0705,0.7173
2013-12-13T19:38:59.031Z,-3.6247,12.2813,230.7219,0.0527,-0.2948,45.0137,72.7788,230.0116,0.3169,0.6185,12.4131,17.249,233.0961,0.0705,0.7197
2013-12-13T19:39:59.195Z,-3.4749,12.0347,229.206,0.0528,-0.2869,44.7865,72.2013,229.658,0.3144,0.6203,12.4041,17.3107,232.9656,0.0709,0.717
2013-12-13T19:40:59.329Z,-3.6977,12.4333,231.3791,0.0534,-0.2967,44.8674,72.7776,229.1473,0.3185,0.6165,12.3512,17.2304,232.5593,0.0704,0.7166
2013-12-13T19:41:59.494Z,-3.704,12.4154,232.0044,0.0524,-0.2982,44.8792,73.2602,230.0433,0.3201,0.6126,12.2978,17.0914,230.9053,0.0703,0.7198
2013-12-13T19:42:59.547Z,-3.6687,12.4732,231.8983,0.0536,-0.294,45.1432,73.344,230.6294,0.3194,0.6155,12.3149,17.1609,231.559,0.0705,0.7178
2013-12-13T19:43:59.632Z,-3.7252,12.4113,231.0038,0.0531,-0.2994,45.3230,73.267,230.9794,0.3188,0.6186,12.3143,17.2426,231.8871,0.0712,0.7144
2013-12-13T19:44:59.756Z,-3.6826,12.4084,230.9754,0.053,-0.2964,45.3037,73.3188,230.9421,0.3193,0.6179,12.3706,17.1815,232.0951,0.0706,0.7198
2013-12-13T19:45:59.900Z,-3.2866,11.999,228.9711,0.052,-0.273,45.1835,72.6539,231.0126,0.3136,0.6219,12.4217,17.2534,233.012,0.0705,0.7201
2013-12-13T19:46:59.031Z,-2.6123,11.1543,230.0165,0.0493,-0.2341,45.1329,73.2083,230.8591,0.3174,0.6165,12.4045,17.2464,232.6986,0.0708,0.7192
2013-12-13T19:47:59.195Z,-2.5995,11.2244,231.8621,0.0493,-0.2315,45.2728,73.6023,230.5193,0.3199,0.6151,12.3816,17.3291,232.6705,0.071,0.7156
2013-12-13T19:48:59.443Z,44.3562,59.8133,232.6506,0.2589,-0.2256,203.8418,295.8088,230.0259,1.2893,0.6891,76.8572,86.8569,232.255,0.3726,0.7257
2013-12-13T19:49:59.614Z,1245.7154,1280.7849,229.8246,5.5733,0.9719,1772.5433,1883.8806,228.3678,8.2486,0.9409,1338.8733,1375.307,230.0999,5.9762,0.9724
2013-12-13T19:50:59.836Z,1257.4451,1298.474,230.0595,5.6444,0.9686,1772.0475,1885.1569,228.0244,8.2674,0.94,1359.0425,1396.6249,230.3019,6.0641,0.972
2013-12-13T19:51:59.913Z,1265.5895,1304.5005,229.9271,5.6737,0.97,1762.1522,1875.2285,227.8843,8.2289,0.9397,1353.3914,1387.7882,230.7646,6.014,0.9758
2013-12-13T19:52:59.011Z,1240.7012,1296.9476,226.964,5.7143,0.957,1742.0113,1852.4152,228.3641,8.1116,0.9404,1398.9165,1435.2754,231.2511,6.2069,0.9746
2013-12-13T19:53:59.202Z,1241.1319,1291.6726,228.5683,5.6514,0.9619,1780.0469,1885.8427,228.8868,8.239,0.9439,1397.858,1439.8441,231.0183,6.232,0.9688
2013-12-13T19:54:59.337Z,1248.1626,1292.9191,229.7105,5.6283,0.9652,1794.9961,1909.5703,229.0194,8.3377,0.94,1371.1028,1419.9231,228.7088,6.2087,0.9653
2013-12-13T19:55:59.548Z,1249.1547,1295.3696,229.4284,5.6455,0.9639,1794.3881,1911.9745,228.7311,8.3589,0.9385,1366.7991,1418.5778,228.307,6.2135,0.9622
2013-12-13T19:56:59.071Z,1254.9186,1303.9792,229.2364,5.6884,0.961,1787.3662,1909.7833,228.7389,8.3488,0.9359,1374.6617,1426.8663,228.375,6.2476,0.9617
2013-12-13T19:57:59.116Z,1246.7396,1296.9131,229.0788,5.6611,0.9605,1797.0509,1917.2633,228.0419,8.4076,0.9373,1372.9486,1430.6251,228.1973,6.2691,0.9599
2013-12-13T19:58:59.277Z,1244.7902,1295.2732,229.2305,5.6505,0.9603,1801.8800,1925.0855,227.711,8.4542,0.936,1372.3671,1433.9032,228.1084,6.2862,0.9583
2013-12-13T19:59:59.375Z,1253.5382,1305.0242,229.5975,5.6838,0.9605,1817.5271,1933.5395,228.6992,8.4548,0.94,1393.759,1453.2541,228.903,6.3486,0.9599
2013-12-13T20:00:59.493Z,1260.9111,1317.4962,229.0479,5.7515,0.9578,1805.2836,1923.3791,229.1863,8.3923,0.9386,1413.9003,1469.2603,229.3001,6.4077,0.9615
2013-12-13T20:01:59.824Z,1272.2716,1335.5609,227.7881,5.8633,0.9514,1777.7849,1901.1709,228.7099,8.3127,0.9351,1423.4378,1473.3174,229.8905,6.4091,0.968
2013-12-13T20:02:59.875Z,1279.6975,1329.6957,230.7212,5.7635,0.9618,1812.4945,1940.5723,228.5439,8.491,0.934,1397.3917,1453.8662,228.5093,6.3623,0.9607
2013-12-13T20:03:59.985Z,1275.3938,1327.8688,230.7554,5.7547,0.96,1808.2000,1935.9743,228.3687,8.4769,0.934,1404.4554,1461.8281,228.2817,6.4037,0.96
2013-12-13T20:04:59.332Z,1281.767,1338.1826,230.3203,5.8097,0.9595,1792.3226,1920.8258,228.1907,8.4174,0.9331,1414.9809,1467.8693,229.0266,6.4089,0.9643
2013-12-13T20:05:59.413Z,1289.883,1343.6932,230.0379,5.8412,0.9599,1797.7477,1929.7421,228.4265,8.4479,0.9316,1404.2422,1457.8566,229.1393,6.3618,0.9613
2013-12-13T20:06:59.507Z,1313.4502,1368.7909,230.0414,5.9497,0.96,1778.2289,1912.2797,228.3673,8.3731,0.9299,1408.9745,1454.1999,229.8728,6.3267,0.9699
2013-12-13T20:07:59.826Z,1289.3423,1342.5146,229.964,5.8376,0.9603,1778.3381,1908.7025,228.5539,8.3508,0.9317,1406.1862,1453.579,229.7222,6.3274,0.9686
2013-12-13T20:08:59.922Z,1284.5305,1338.5455,230.1544,5.8157,0.9598,1788.8653,1915.2733,228.3427,8.3882,0.934,1410.7735,1461.6556,229.9581,6.3562,0.9658
2013-12-13T20:09:59.012Z,1263.7513,1327.958,228.4143,5.814,0.951,1782.8583,1900.7018,228.4142,8.3212,0.938,1432.7035,1485.168,230.4148,6.4455,0.9638
2013-12-13T20:10:59.413Z,1256.1377,1339.87,225.132,5.9516,0.9374,1731.4794,1853.2371,228.1584,8.1225,0.9343,1456.0529,1502.9808,230.7027,6.5148,0.97
2013-12-13T20:11:59.568Z,1255.4866,1351.3496,222.9995,6.0601,0.9294,1707.9157,1830.1711,228.2862,8.0173,0.9332,1476.2338,1519.4968,231.7359,6.5576,0.9711
2013-12-13T20:12:59.743Z,1285.4723,1367.9004,224.11,6.104,0.9395,1730.3430,1862.3862,227.8915,8.1725,0.9291,1445.5524,1491.1613,231.9945,6.4273,0.9696
2013-12-13T20:13:59.822Z,1289.2168,1357.9946,227.3947,5.972,0.9509,1779.5535,1913.2927,228.269,8.3813,0.9301,1436.2104,1490.5751,231.31,6.4443,0.9626
2013-12-13T20:14:59.194Z,1304.168,1366.0257,229.5673,5.9503,0.9543,1802.7116,1938.1912,228.3648,8.4877,0.9301,1429.4965,1486.1788,230.7163,6.4413,0.9604
2013-12-13T20:15:59.420Z,1295.8683,1363.6509,228.4394,5.9697,0.9501,1794.4339,1929.9138,228.3966,8.4497,0.9298,1437.1814,1495.0843,230.5948,6.4838,0.9602
2013-12-13T20:16:59.573Z,1304.641,1372.7124,228.5986,6.0049,0.9498,1798.1765,1933.939,228.1147,8.478,0.9298,1439.5871,1497.1072,230.9874,6.4813,0.9602
2013-12-13T20:17:59.693Z,1291.4041,1366.651,228.0414,5.9932,0.9453,1804.5734,1929.1997,229.0769,8.4216,0.9354,1470.8054,1527.864,231.6841,6.5947,0.962
2013-12-13T20:18:59.861Z,1284.7637,1369.4235,226.1967,6.0538,0.9391,1785.4721,1910.822,229.2916,8.3333,0.9344,1485.3845,1540.8442,232.1427,6.6371,0.9625
2013-12-13T20:19:59.994Z,1310.2449,1386.4457,227.7109,6.0882,0.9449,1795.4504,1930.5918,229.1775,8.4238,0.93,1468.7112,1524.0413,231.8012,6.5753,0.9623
2013-12-13T20:20:59.107Z,1319.8458,1385.0193,229.388,6.0379,0.9535,1826.1266,1967.3848,228.7274,8.6015,0.9282,1443.4193,1507.2935,231.004,6.5247,0.9567
2013-12-13T20:21:59.199Z,1327.2459,1388.8982,230.9076,6.0153,0.956,1836.2198,1978.8984,228.0773,8.6766,0.9279,1436.371,1502.2562,230.5313,6.5165,0.9576
2013-12-13T20:22:59.303Z,1323.1249,1385.8697,230.896,6.0022,0.9545,1839.1769,1981.8717,228.409,8.6768,0.928,1441.0748,1507.8805,230.2257,6.5497,0.9569
2013-12-13T20:23:59.391Z,1321.2339,1384.4218,231.0068,5.9929,0.9544,1842.9612,1987.8775,228.7923,8.6888,0.9271,1435.966,1506.0083,228.9935,6.5769,0.9526
2013-12-13T20:24:59.591Z,1323.8728,1393.0647,230.8322,6.0353,0.95,1844.4699,1983.301,229.1707,8.6542,0.93,1466.032,1532.3504,230.3374,6.6527,0.9586
2013-12-13T20:25:59.788Z,1320.6141,1389.4981,230.6077,6.0254,0.95,1845.2030,1984.7295,228.7258,8.6774,0.9297,1457.8713,1527.0871,229.7973,6.6454,0.9553
2013-12-13T20:26:59.949Z,1316.6495,1384.9916,230.3832,6.0115,0.9501,1846.8257,1987.9717,228.7193,8.6916,0.929,1447.6389,1520.1325,229.0908,6.6352,0.9524
2013-12-13T20:27:59.105Z,1304.5579,1381.2218,227.9492,6.0597,0.9433,1815.8756,1960.1421,228.7998,8.5671,0.9264,1448.2875,1518.9944,228.7056,6.6419,0.9533
2013-12-13T20:28:59.173Z,1336.891,1405.698,229.7463,6.1187,0.9517,1829.6952,1983.6245,228.9087,8.6656,0.9224,1449.1247,1516.9353,229.6866,6.6042,0.9553
2013-12-13T20:29:59.325Z,1331.3818,1392.1079,230.4846,6.04,0.958,1863.9287,2013.3168,229.1943,8.7845,0.9258,1433.5826,1509.9963,229.0266,6.593,0.95
2013-12-13T20:30:59.440Z,1331.1409,1391.3089,230.0919,6.0469,0.9585,1869.3294,2028.5723,229.024,8.8577,0.9215,1423.1325,1506.7203,228.4038,6.5969,0.9448
2013-12-13T20:31:59.579Z,1346.0533,1413.8426,229.9967,6.1476,0.9505,1865.0394,2026.5559,228.6464,8.8629,0.9203,1446.4232,1527.8976,228.9708,6.673,0.9467
2013-12-13T20:32:59.856Z,1365.1878,1436.7195,230.1483,6.2432,0.95,1866.4614,2028.9829,228.7416,8.8697,0.9199,1462.6396,1540.5466,229.6686,6.7077,0.9488
2013-12-13T20:33:59.160Z,1372.2248,1443.2997,230.4247,6.2641,0.9501,1878.9427,2042.551,228.3503,8.9448,0.9199,1464.7159,1545.5746,230.0422,6.7186,0.9491
2013-12-13T20:34:59.238Z,1339.7437,1418.5617,228.8318,6.1988,0.9452,1884.9658,2041.1108,228.7405,8.9235,0.9235,1474.7947,1564.094,229.4044,6.818,0.9425
2013-12-13T20:35:59.376Z,1335.6799,1417.1578,227.9321,6.2178,0.9414,1886.4006,2042.4433,228.9674,8.9201,0.9236,1478.1797,1570.0046,229.6336,6.837,0.9403
2013-12-13T20:36:59.477Z,1352.2452,1431.9925,227.742,6.2875,0.944,1881.9034,2045.5472,228.7737,8.941,0.92,1466.5188,1557.1147,229.3741,6.7885,0.9411
2013-12-13T20:37:59.758Z,1366.1444,1446.3859,227.7409,6.3504,0.9443,1876.0746,2044.768,228.5829,8.9458,0.9175,1464.526,1552.9278,229.5548,6.7646,0.9425
2013-12-13T20:38:59.896Z,1364.0717,1445.9155,227.8885,6.3448,0.9424,1882.2848,2047.5196,228.3992,8.9648,0.9193,1473.4827,1562.8947,230.1203,6.7915,0.941
2013-12-13T20:39:59.001Z,1355.5055,1437.5735,227.894,6.3085,0.9412,1891.5595,2056.2664,228.4938,8.9996,0.9199,1476.0366,1569.8668,229.9546,6.8264,0.9398
2013-12-13T20:40:59.146Z,1345.3358,1428.3342,227.6247,6.2747,0.9414,1897.4032,2062.3948,228.6333,9.0208,0.92,1474.9497,1574.2597,229.4523,6.8611,0.9378
2013-12-13T20:41:59.284Z,1340.4837,1430.6935,227.1992,6.2962,0.9374,1886.9631,2051.0469,228.6535,8.9702,0.92,1487.6887,1585.164,229.2388,6.9149,0.94
2013-12-13T20:42:59.440Z,1348.8757,1439.6503,227.1749,6.3371,0.9372,1883.5587,2050.9132,228.6084,8.9714,0.9184,1486.3533,1583.268,228.9691,6.9146,0.9398
2013-12-13T20:43:59.599Z,1361.9862,1445.0931,227.7089,6.3463,0.9413,1890.4427,2067.6394,228.2665,9.058,0.9143,1460.747,1561.4695,228.4989,6.8333,0.9359
2013-12-13T20:44:59.735Z,1364.8318,1448.9317,227.7573,6.3616,0.9411,1899.4276,2072.4797,228.4933,9.0707,0.9165,1469.8303,1570.2989,229.1088,6.8536,0.9374
2013-12-13T20:45:59.883Z,1365.2018,1450.1243,228.0265,6.3595,0.9402,1907.9465,2076.5635,228.5878,9.0834,0.9188,1480.988,1581.6132,229.3313,6.8967,0.9373
2013-12-13T20:46:59.989Z,1348.8054,1452.8633,225.8147,6.4348,0.9295,1876.4146,2038.9162,229.2426,8.8942,0.9203,1525.9365,1618.5359,230.3579,7.027,0.9423
2013-12-13T20:47:59.106Z,1368.5896,1464.0359,227.7645,6.428,0.9355,1893.3185,2058.4024,228.9062,8.9929,0.9198,1513.8777,1606.6712,230.0424,6.9844,0.9412
2013-12-13T20:48:59.554Z,1392.8363,1479.8688,229.2401,6.4557,0.9407,1897.1131,2074.4813,228.7356,9.0689,0.9145,1498.2266,1589.1061,229.9718,6.9098,0.9432
2013-12-13T20:49:59.719Z,1405.3398,1487.7055,229.9708,6.4696,0.9441,1897.5549,2082.9362,228.5668,9.1134,0.911,1491.234,1581.7129,230.2613,6.8688,0.941
2013-12-13T20:50:59.802Z,1422.9914,1499.5511,230.4653,6.5065,0.9491,1885.0035,2079.8891,225.7941,9.2119,0.9063,1458.2932,1549.404,230.5296,6.7208,0.9406
2013-12-13T20:51:59.913Z,1379.7523,1471.1673,229.2126,6.4185,0.9384,1905.2672,2072.5195,228.736,9.0604,0.9193,1513.1349,1606.452,230.0422,6.9833,0.9409
2013-12-13T20:52:59.015Z,1385.7182,1481.1754,229.3627,6.4575,0.936,1895.7226,2061.4643,228.9399,9.0048,0.9196,1526.2101,1614.5266,230.0959,7.0167,0.9459
2013-12-13T20:53:59.280Z,1409.3102,1501.5868,229.6785,6.5378,0.9398,1877.3089,2062.0704,228.1831,9.0373,0.9104,1514.0903,1598.3672,230.5801,6.9316,0.9475
2013-12-13T20:54:59.387Z,1400.0012,1492.8967,229.3071,6.5106,0.9391,1896.1388,2070.0205,228.889,9.0442,0.916,1521.2777,1608.647,230.7222,6.9726,0.9459
2013-12-13T20:55:59.479Z,1403.6209,1497.8292,229.7211,6.521,0.9379,1901.6520,2073.7753,228.8607,9.0614,0.917,1530.1473,1617.9335,230.9236,7.006,0.9466
2013-12-13T20:56:59.560Z,1393.281,1493.5987,229.5577,6.5062,0.9316,1896.8657,2065.4026,229.1763,9.0126,0.9184,1548.5373,1635.2199,230.9311,7.0813,0.948
2013-12-13T20:57:59.637Z,1395.2489,1495.2971,229.722,6.5095,0.9325,1900.6664,2065.7172,229.4102,9.0045,0.9201,1557.7774,1642.2166,231.491,7.0938,0.9498
2013-12-13T20:58:59.750Z,1392.7855,1501.0292,228.863,6.5585,0.9292,1879.9381,2043.411,229.7002,8.8961,0.92,1578.2026,1656.4305,232.2351,7.1328,0.9509
2013-12-13T20:59:59.860Z,1383.971,1495.7192,228.6838,6.5404,0.9257,1874.4017,2037.3932,229.5583,8.875,0.92,1581.7621,1660.5004,232.0201,7.1568,0.9517
2013-12-13T21:00:59.941Z,1398.8471,1504.6486,229.194,6.5647,0.9298,1890.1206,2054.4789,229.2197,8.9629,0.92,1575.7088,1655.1883,232.6177,7.1153,0.9506
2013-12-13T21:01:59.043Z,1391.3457,1498.3121,228.9291,6.5449,0.9295,1892.4259,2055.8674,229.3541,8.9632,0.9205,1576.6993,1659.2676,232.0265,7.1514,0.9498
2013-12-13T21:02:59.175Z,1386.6962,1495.8353,229.0264,6.5315,0.9283,1905.5625,2056.2884,229.9005,8.9443,0.9267,1593.9568,1675.6753,232.5227,7.2063,0.9501
2013-12-13T21:03:59.279Z,1405.023,1508.7173,229.2625,6.5806,0.9312,1899.8243,2063.2323,230.1108,8.9662,0.9208,1578.5839,1657.7952,232.258,7.1371,0.9502
2013-12-13T21:04:59.376Z,1399.845,1502.8808,227.516,6.6059,0.9314,1860.8740,2044.4672,227.3704,8.9915,0.9102,1513.1708,1600.5476,229.1418,6.9854,0.9452
2013-12-13T21:05:59.421Z,1390.1497,1497.6233,227.1937,6.5921,0.929,1859.5832,2043.7226,227.1965,8.9957,0.9099,1522.3429,1612.6408,229.3493,7.0316,0.9442
2013-12-13T21:06:59.648Z,1390.2199,1493.7273,227.3087,6.5711,0.9302,1874.1775,2058.4047,227.3862,9.0523,0.9105,1515.9048,1609.9551,229.3535,7.0196,0.9405
2013-12-13T21:07:59.994Z,1380.5111,1483.9743,227.4806,6.5231,0.9302,1898.7612,2073.1097,228.0622,9.0901,0.9159,1526.4178,1625.5799,229.4426,7.0852,0.9397
2013-12-13T21:08:59.194Z,1387.5102,1494.8002,227.2562,6.5779,0.9297,1880.5131,2065.3631,227.5505,9.0762,0.9105,1526.4792,1623.572,229.2521,7.0818,0.94
2013-12-13T21:09:59.321Z,1396.04,1502.9427,227.5293,6.6053,0.93,1883.2255,2068.7966,227.9154,9.077,0.9103,1533.951,1628.9872,229.665,7.0932,0.9409
2013-12-13T21:10:59.430Z,1417.7301,1522.5585,228.4049,6.6658,0.9317,1868.8414,2065.2463,226.2273,9.1292,0.9049,1523.7838,1614.1754,230.3083,7.0086,0.9426
2013-12-13T21:11:59.554Z,1421.1823,1524.9553,228.4275,6.6755,0.9312,1858.9452,2062.9733,224.8034,9.1766,0.9011,1506.1776,1598.4465,230.0792,6.9473,0.9408
2013-12-13T21:12:59.730Z,1421.0826,1525.2,228.6717,6.6699,0.9324,1870.9005,2066.1519,226.4945,9.1229,0.9055,1527.0358,1616.5316,230.4548,7.0143,0.9444
2013-12-13T21:13:59.781Z,1415.019,1526.1252,228.3754,6.6826,0.9279,1874.4284,2058.0022,227.4224,9.0491,0.9108,1551.214,1636.9349,230.8583,7.0908,0.9491
2013-12-13T21:14:59.897Z,1421.7477,1532.0017,228.2629,6.7117,0.9287,1874.8697,2061.2024,227.4068,9.0642,0.9096,1546.02,1632.2774,230.6638,7.0767,0.9492
2013-12-13T21:15:59.017Z,1413.3814,1527.2255,227.9308,6.7003,0.9257,1879.1595,2065.0104,227.7064,9.0688,0.91,1555.3612,1644.8319,230.4075,7.1388,0.9464
2013-12-13T21:16:59.384Z,1427.2852,1537.2716,227.9299,6.7444,0.9286,1874.1894,2069.5554,227.0274,9.1155,0.9056,1539.5983,1629.3742,230.3954,7.072,0.9451
2013-12-13T21:17:59.458Z,1438.4921,1545.8623,228.3859,6.7689,0.93,1877.7809,2078.801,227.0559,9.1555,0.9033,1535.7813,1625.4113,230.554,7.0503,0.9449
2013-12-13T21:18:59.622Z,1421.8434,1525.5668,228.0994,6.6882,0.9303,1908.7758,2097.7863,227.9658,9.2023,0.9099,1532.7473,1631.4114,230.2711,7.0851,0.9397
2013-12-13T21:19:59.770Z,1399.781,1507.7835,227.3427,6.6326,0.9278,1901.2426,2088.8185,227.8839,9.1663,0.9102,1538.1212,1639.9102,230.1773,7.1242,0.9391
2013-12-13T21:20:59.988Z,1392.6885,1510.1372,227.2743,6.6447,0.9222,1887.8193,2073.6152,227.3517,9.121,0.9104,1556.2645,1655.4352,230.2771,7.1884,0.9399
2013-12-13T21:21:59.137Z,1395.67,1510.4496,227.0663,6.6515,0.9241,1900.7006,2087.9936,227.8198,9.1651,0.9103,1552.2237,1655.6338,230.1868,7.1923,0.9381
2013-12-13T21:22:59.225Z,1403.738,1512.8305,227.5065,6.6502,0.9278,1914.4448,2103.7855,228.088,9.2237,0.91,1543.1073,1648.5287,230.1466,7.1629,0.9367
2013-12-13T21:23:59.393Z,1420.5114,1524.737,227.987,6.6882,0.9301,1909.5754,2108.1645,226.9876,9.2874,0.9058,1522.4413,1627.9734,230.0753,7.0757,0.9359
2013-12-13T21:24:59.514Z,1429.8929,1533.4787,228.2953,6.7171,0.9302,1910.6714,2109.3745,226.9537,9.2942,0.9058,1525.7772,1629.5366,230.3815,7.0728,0.9375
2013-12-13T21:25:59.788Z,1422.4208,1527.447,227.9705,6.6998,0.93,1921.5696,2113.938,227.7105,9.2833,0.909,1531.0659,1637.0329,229.8989,7.1205,0.9355
2013-12-13T21:26:59.842Z,1420.3536,1526.7113,228.4203,6.6838,0.9302,1920.4868,2110.4251,227.8476,9.2625,0.91,1545.0136,1647.633,230.5651,7.1462,0.939
2013-12-13T21:27:59.888Z,1436.4055,1538.2642,228.9671,6.7187,0.9334,1924.2155,2116.3831,228.0881,9.2788,0.9092,1539.2745,1639.0514,230.6813,7.1055,0.9391
2013-12-13T21:28:59.970Z,1427.2499,1528.4714,229.0365,6.6734,0.9334,1927.1902,2117.7914,228.0553,9.2863,0.91,1536.1191,1639.2028,230.245,7.1191,0.9379
2013-12-13T21:29:59.066Z,1398.6837,1505.5157,227.8568,6.607,0.9286,1916.6811,2106.243,227.3588,9.264,0.91,1522.8615,1633.9214,228.62,7.1466,0.9316
2013-12-13T21:30:59.172Z,1412.9085,1520.7845,227.8137,6.6751,0.9295,1913.0471,2114.3314,226.8251,9.3211,0.9048,1516.632,1630.4558,227.819,7.1571,0.9301
2013-12-13T21:31:59.246Z,1439.37,1554.3399,227.3326,6.8368,0.9257,1902.0330,2115.7208,226.2207,9.3529,0.899,1525.7183,1636.2125,228.1466,7.1714,0.9305
2013-12-13T21:32:59.353Z,1455.0633,1577.6937,226.8743,6.9536,0.9216,1912.1986,2125.8461,226.2304,9.3971,0.8995,1553.0463,1663.3277,229.128,7.2599,0.9326
2013-12-13T21:33:59.648Z,1463.1848,1592.8299,226.5202,7.0316,0.9193,1921.8525,2138.9566,226.0835,9.4613,0.8985,1569.3757,1683.5325,229.2314,7.3437,0.9304
2013-12-13T21:34:59.728Z,812.7218,898.7949,227.8624,3.97,0.3814,1107.1854,1309.194,227.3187,5.779,0.8457,881.5887,950.1985,230.0721,4.144,0.8322
2013-12-13T21:35:59.037Z,-2.7666,11.0849,229.7134,0.0483,-0.2472,11.9917,23.2713,228.4791,0.1028,0.5153,12.3645,17.1665,231.5324,0.0704,0.7202
2013-12-13T21:36:59.175Z,-2.4641,10.6796,229.7979,0.047,-0.2301,7.8754,15.7981,228.5164,0.0697,0.4985,12.3472,17.1789,231.4231,0.0706,0.7183
2013-12-13T21:37:59.604Z,-2.4612,10.6094,229.4485,0.0466,-0.2305,7.8252,15.8181,228.412,0.0701,0.4947,12.3427,17.1923,232.1784,0.0703,0.7177
2013-12-13T21:38:59.787Z,-2.5118,10.6704,229.5498,0.0471,-0.2344,7.8330,15.7764,228.2495,0.0698,0.4965,12.3989,17.236,232.2928,0.0709,0.7195
2013-12-13T21:39:59.833Z,-3.2421,11.9891,230.1788,0.0515,-0.2691,7.7138,15.5772,227.1464,0.0694,0.4952,12.3178,17.1483,231.6599,0.0705,0.7183
2013-12-13T21:40:59.918Z,-3.373,12.0914,230.6785,0.0517,-0.2787,7.8671,15.8038,228.3618,0.0698,0.4978,12.2687,17.1662,231.1781,0.071,0.7153
2013-12-13T21:41:59.225Z,-3.3028,12.0925,230.9434,0.0511,-0.273,7.8530,15.7755,228.4974,0.0699,0.4978,12.2623,17.0795,231.0727,0.0704,0.7176
2013-12-13T21:42:59.446Z,-3.3641,12.1742,230.5614,0.0522,-0.2758,7.6020,15.6002,228.6657,0.0689,0.4873,12.2567,17.0787,230.6957,0.0707,0.7174
2013-12-13T21:43:59.551Z,-3.2974,12.1158,231.3517,0.0516,-0.2715,7.7427,15.6102,229.0524,0.0689,0.496,12.2977,16.9727,229.5471,0.0704,0.7242
2013-12-13T21:44:59.604Z,-3.3511,11.9674,231.579,0.0511,-0.2791,7.8735,15.7628,229.2826,0.0697,0.4995,12.2153,17.0598,229.6953,0.071,0.7165
2013-12-13T21:45:59.711Z,-3.3573,12.0452,231.6089,0.0519,-0.2781,7.9722,15.8493,229.1716,0.0699,0.503,12.2021,17.0265,229.5877,0.0707,0.7173
2013-12-13T21:46:59.926Z,-3.3124,12.0265,231.8217,0.0509,-0.2752,8.0572,15.936,229.2569,0.0698,0.5056,12.2499,17.0715,230.0409,0.0707,0.7178
2013-12-13T21:47:59.991Z,-3.4537,12.2008,231.2058,0.0522,-0.282,7.8400,15.7525,229.2454,0.0697,0.4977,12.1789,17.0461,229.7127,0.0709,0.7151
2013-12-13T21:48:59.094Z,-3.362,12.1439,231.3087,0.0518,-0.2769,7.9354,15.7919,228.7884,0.0697,0.5025,12.2667,16.9845,229.2926,0.0708,0.7223
2013-12-13T21:49:59.223Z,-3.4488,12.218,232.2763,0.0522,-0.2818,8.1068,15.902,228.0755,0.07,0.5098,12.2729,17.1041,229.8623,0.0712,0.718
2013-12-13T21:50:59.611Z,-3.3607,12.2291,232.4419,0.0522,-0.2735,8.2871,16.1511,227.7572,0.0704,0.5131,12.313,17.154,231.3236,0.071,0.718
2013-12-13T21:51:59.804Z,-3.505,12.3701,232.4259,0.0526,-0.2832,8.2023,16.1114,227.7588,0.0703,0.5091,12.3384,17.1678,231.2422,0.0713,0.7185
2013-12-13T21:52:59.845Z,-3.3827,12.4336,232.0931,0.0534,-0.2712,8.1228,16.1326,228.3291,0.0703,0.5035,12.2806,17.1327,231.3098,0.0707,0.7165
2013-12-13T21:53:59.887Z,-3.4246,12.292,231.6479,0.0521,-0.2787,8.0851,16.0196,228.5819,0.0701,0.5047,12.2384,17.1233,230.935,0.0709,0.7149
2013-12-13T21:54:59.077Z,-3.4369,12.2176,231.0157,0.0522,-0.2801,7.9604,16.0202,228.9663,0.0701,0.4969,12.2563,17.1397,231.0201,0.0712,0.7154
2013-12-13T21:55:59.168Z,-3.5086,12.327,231.1029,0.0523,-0.2839,7.9675,15.9286,228.7913,0.0697,0.5002,12.2814,17.1564,230.8893,0.071,0.7159
2013-12-13T21:56:59.700Z,-3.404,12.2668,231.3705,0.053,-0.2763,7.9636,15.9272,228.2953,0.0701,0.5,12.3133,17.2118,231.5198,0.071,0.716
2013-12-13T21:57:59.753Z,-3.4707,12.424,231.9264,0.0524,-0.2784,8.1036,16.0499,227.6674,0.0704,0.5049,12.2832,17.1824,232.0169,0.0705,0.7145
2013-12-13T21:58:59.867Z,-3.4453,12.3009,232.617,0.0524,-0.2795,8.1982,16.0403,228.3457,0.0699,0.5111,12.2865,17.2132,231.1914,0.0714,0.715
2013-12-13T21:59:59.927Z,-3.5177,12.3479,232.7995,0.0522,-0.2846,8.2561,16.179,228.8171,0.0705,0.5103,12.2794,17.1333,230.9954,0.0711,0.7169
2013-12-13T22:00:59.042Z,-3.4147,12.3535,232.1998,0.0525,-0.2762,8.1647,16.003,228.5457,0.0701,0.5102,12.2853,17.109,230.6452,0.0712,0.7183
2013-12-13T22:01:59.172Z,-3.4178,12.3087,232.732,0.0518,-0.2763,8.3032,16.2617,229.3413,0.0703,0.5106,12.3356,17.1569,231.1379,0.0709,0.7187
2013-12-13T22:02:59.418Z,-3.5369,12.4214,232.3009,0.0527,-0.2845,8.1246,15.9682,229.0281,0.0701,0.5088,12.2343,17.0838,230.7039,0.071,0.7161
2013-12-13T22:03:59.629Z,-3.4644,12.2748,231.9416,0.0521,-0.2815,8.1365,16.0419,228.8232,0.07,0.5072,12.3276,17.2601,231.814,0.0714,0.7148
2013-12-13T22:04:59.731Z,-3.4929,12.4541,232.5449,0.0527,-0.2795,8.3345,16.3038,229.7255,0.0705,0.5112,12.3677,17.2184,232.4724,0.0705,0.718
2013-12-13T22:05:59.849Z,-2.6167,11.0701,231.656,0.0483,-0.2343,8.2869,16.3611,231.0293,0.0702,0.5065,12.4368,17.292,232.9933,0.0713,0.7188
2013-12-13T22:06:59.949Z,-2.4947,10.7389,230.76,0.0473,-0.2313,8.1468,16.287,230.6077,0.0701,0.5002,12.4506,17.312,233.3738,0.071,0.7194
2013-12-13T22:07:59.324Z,-2.5703,11.0141,231.1466,0.0482,-0.2328,8.1565,16.2029,229.6574,0.0701,0.5034,12.4796,17.3612,233.8876,0.071,0.719
2013-12-13T22:08:59.413Z,-3.4344,12.4157,232.3154,0.0524,-0.2762,8.1065,16.0461,227.1127,0.0701,0.5052,12.4491,17.2953,233.7013,0.0706,0.7194
2013-12-13T22:09:59.516Z,-3.5817,12.54,231.8406,0.0535,-0.2855,8.1440,16.1972,230.4459,0.0701,0.5028,12.4306,17.3283,233.4769,0.0713,0.7178
2013-12-13T22:10:59.586Z,-3.4216,12.348,232.5289,0.0524,-0.2761,8.2963,16.2833,229.6643,0.0704,0.5095,12.4494,17.3017,233.207,0.0713,0.7192
2013-12-13T22:11:59.721Z,-3.4754,12.4404,232.669,0.0529,-0.2783,8.2962,16.3022,230.2223,0.0702,0.5089,12.4388,17.3585,233.2714,0.0713,0.7167
2013-12-13T22:12:59.136Z,-3.6266,12.4729,232.7001,0.0528,-0.2901,8.3348,16.4363,230.838,0.0704,0.5071,12.4723,17.3084,233.5211,0.0708,0.7212
2013-12-13T22:13:59.185Z,-3.5412,12.4987,232.0844,0.0536,-0.2833,8.1538,16.262,231.681,0.0699,0.5014,12.456,17.2968,233.662,0.0705,0.7207
2013-12-13T22:14:59.358Z,-3.4993,12.5248,232.1776,0.0532,-0.2795,8.2199,16.3677,231.674,0.0701,0.5022,12.4693,17.3101,233.7224,0.0706,0.7206
2013-12-13T22:15:59.468Z,-3.429,12.2098,229.993,0.052,-0.2802,7.8083,16.0962,231.8577,0.0698,0.4851,12.4036,17.441,234.476,0.0714,0.712
2013-12-13T22:16:59.635Z,-3.4046,12.1362,230.1126,0.0521,-0.2799,7.8128,16.0099,231.7738,0.0694,0.488,12.4126,17.2912,233.4365,0.0712,0.7178
2013-12-13T22:17:59.761Z,-3.3978,12.1495,231.4686,0.0521,-0.2784,7.9329,16.0879,231.2583,0.07,0.4931,12.3961,17.2922,232.9621,0.071,0.7171
2013-12-13T22:18:59.927Z,-2.3635,10.6659,228.8531,0.0463,-0.2212,7.8670,16.0616,232.0049,0.0697,0.4898,12.5373,17.4079,234.2599,0.0713,0.7204
2013-12-13T22:19:59.064Z,-2.4727,10.801,229.4698,0.048,-0.2274,7.8541,16.2982,231.9865,0.0703,0.4819,12.4649,17.4866,234.3665,0.0722,0.7133
2013-12-13T22:20:59.207Z,-2.4476,10.7505,229.7694,0.0474,-0.2265,8.0343,16.231,231.401,0.0701,0.495,12.5649,17.5781,235.4662,0.0716,0.715
2013-12-13T22:21:59.323Z,-2.435,10.7741,229.2649,0.0474,-0.2255,7.8090,16.0547,230.9879,0.0696,0.4864,12.544,17.4548,234.4551,0.0719,0.7195
2013-12-13T22:22:59.415Z,-2.4077,10.7915,229.0995,0.0473,-0.2217,7.8021,15.988,230.6082,0.0697,0.488,12.4735,17.4493,233.7721,0.0723,0.715
2013-12-13T22:23:59.514Z,-3.3007,12.1672,230.1439,0.0517,-0.2707,7.7740,15.8978,229.4662,0.0699,0.489,12.3786,17.3312,233.1511,0.0713,0.7149
2013-12-13T22:24:59.562Z,-3.3128,12.124,229.7309,0.0518,-0.2733,7.7282,15.8723,229.4578,0.0699,0.4869,12.4447,17.2455,233.057,0.0704,0.7218
2013-12-13T22:25:59.709Z,-3.3756,12.1901,229.3556,0.0521,-0.2761,7.6100,15.7135,228.6685,0.0698,0.4843,12.4245,17.3194,232.8884,0.0714,0.7174
2013-12-13T22:26:59.149Z,-3.4498,12.3195,228.2856,0.0535,-0.279,7.4666,15.5554,227.5942,0.0691,0.48,12.2946,17.2195,231.4206,0.0717,0.7138
2013-12-13T22:27:59.327Z,-3.3868,12.1023,228.3433,0.0521,-0.2784,7.4042,15.5779,227.7905,0.0694,0.4753,12.3469,17.1607,231.9137,0.0706,0.7193
2013-12-13T22:28:59.471Z,-3.1106,11.7609,227.9001,0.051,-0.2633,7.4646,15.6033,227.7366,0.0693,0.4784,12.3284,17.2035,232.0134,0.0711,0.717
2013-12-13T22:29:59.577Z,-3.3633,12.2252,228.0966,0.0531,-0.2746,7.3956,15.5993,228.2372,0.0693,0.4741,12.3271,17.2157,232.0873,0.0711,0.7154
2013-12-13T22:30:59.656Z,-3.2643,12.0489,229.3323,0.0522,-0.2698,7.7304,15.7732,229.3477,0.0695,0.4901,12.3423,17.1734,232.2928,0.0705,0.7184
2013-12-13T22:31:59.794Z,-3.2539,11.937,228.7852,0.0512,-0.2715,7.6169,15.7115,228.8561,0.0691,0.4848,12.3947,17.1926,231.9507,0.0707,0.7209
2013-12-13T22:32:59.004Z,-3.3418,12.1047,228.5039,0.0525,-0.275,7.5165,15.7414,229.076,0.0695,0.4775,12.3123,17.151,231.8977,0.0705,0.7178
2013-12-13T22:33:59.046Z,-3.3671,12.0618,228.0957,0.0528,-0.2788,7.5030,15.7329,229.2323,0.0694,0.4769,12.298,17.1395,231.7703,0.0704,0.7178
2013-12-13T22:34:59.188Z,-3.2316,11.9826,227.9868,0.052,-0.269,7.6038,15.805,229.4188,0.0699,0.4811,12.3186,17.1933,232.1852,0.0704,0.716
2013-12-13T22:35:59.430Z,-3.4326,12.0905,226.2273,0.0524,-0.2827,19.7701,37.1131,229.481,0.1617,0.5327,12.4223,17.3682,234.0398,0.0707,0.7159
2013-12-13T22:36:59.770Z,-3.6059,12.2671,224.9919,0.0543,-0.2926,45.0454,71.0944,229.5104,0.3099,0.6336,12.1965,17.4072,234.4128,0.0718,0.7012
2013-12-13T22:37:59.817Z,-4.1087,13.3037,225.1272,0.0589,-0.3067,44.4360,70.4551,228.9001,0.3085,0.6307,12.0547,17.6802,234.7044,0.0752,0.6818
2013-12-13T22:38:59.947Z,-4.1643,13.5855,226.7281,0.06,-0.305,44.4715,70.9048,228.9656,0.3094,0.6272,12.0259,17.8845,234.3244,0.0774,0.6721
2013-12-13T22:39:59.065Z,-4.1442,13.4185,226.7365,0.0597,-0.3077,44.6321,70.9459,229.2566,0.3096,0.6291,12.0183,17.7858,233.9291,0.0774,0.6757
2013-12-13T22:40:59.448Z,-3.3083,12.0588,226.8343,0.0524,-0.2731,45.1060,71.5287,229.8868,0.31,0.6306,12.3866,17.3546,233.9907,0.071,0.7136
2013-12-13T22:41:59.752Z,-3.5031,12.2685,227.7539,0.0536,-0.2847,45.2062,71.5627,229.1283,0.3107,0.6317,12.3372,17.3605,234.1379,0.0707,0.7113
2013-12-13T22:42:59.873Z,-3.4702,12.2857,227.731,0.0533,-0.2821,44.9644,71.5879,229.0881,0.3111,0.6281,12.3969,17.3276,233.7781,0.0706,0.7157
2013-12-13T22:43:59.993Z,-3.3995,12.0341,227.2067,0.0529,-0.2812,45.0818,71.4564,229.36,0.3103,0.6309,12.4424,17.3589,234.4423,0.0709,0.7168
2013-12-13T22:44:59.101Z,-3.3444,12.0626,227.5504,0.0519,-0.2769,45.1965,71.7861,230.0533,0.3105,0.6296,12.4577,17.354,234.3284,0.0706,0.7174
2013-12-13T22:45:59.148Z,-3.4708,12.1119,227.6026,0.0525,-0.286,45.0842,71.6874,229.7767,0.3105,0.6289,12.4003,17.3254,234.0597,0.0708,0.7155
2013-12-13T22:46:59.260Z,-3.5086,12.1753,227.3391,0.0527,-0.2877,44.8217,71.4176,229.3334,0.3101,0.6276,12.4576,17.3723,234.4698,0.0705,0.717
2013-12-13T22:47:59.343Z,-3.6248,12.4227,228.001,0.0538,-0.2915,44.9304,71.7394,229.3205,0.3116,0.6263,12.4865,17.4211,234.8557,0.0707,0.717
2013-12-13T22:48:59.511Z,-3.5036,12.3326,227.9085,0.0537,-0.2834,44.8579,71.5894,229.1003,0.3113,0.6266,12.4805,17.4252,235.1824,0.0706,0.7165
2013-12-13T22:49:59.817Z,-3.5049,12.2333,227.9838,0.0525,-0.2853,45.0233,71.7617,229.8079,0.3108,0.6274,12.4761,17.43,234.8383,0.0706,0.7159
2013-12-13T22:50:59.894Z,-3.6089,12.3095,227.6487,0.0539,-0.292,45.2744,71.8527,229.9079,0.3109,0.6301,12.5106,17.423,235.2864,0.071,0.718
2013-12-13T22:51:59.943Z,-3.5606,12.3187,228.1782,0.0539,-0.2877,45.7485,72.2839,231.0282,0.3113,0.6329,12.473,17.4061,235.0391,0.0708,0.717
2013-12-13T22:52:59.269Z,-3.6924,12.4422,230.9174,0.0534,-0.2957,45.6953,73.2648,231.0506,0.3188,0.6237,12.5048,17.4227,233.6806,0.0716,0.7183
2013-12-13T22:53:59.888Z,-3.6837,12.5559,230.4225,0.0547,-0.2914,45.6821,73.232,231.3902,0.3177,0.6238,12.3516,17.3629,233.5625,0.072,0.7119
2013-12-13T22:54:59.003Z,-2.5665,11.0488,227.4408,0.0488,-0.2318,45.4507,72.5817,231.5618,0.3117,0.6262,12.4955,17.3685,234.5654,0.0703,0.7194
2013-12-13T22:55:59.198Z,-3.4591,12.1565,228.2184,0.0528,-0.2835,45.5001,72.2338,231.2477,0.3112,0.6299,12.4814,17.4962,235.3544,0.0711,0.7133
2013-12-13T22:56:59.265Z,-3.7547,12.6038,229.7994,0.0553,-0.2969,45.8908,72.7386,231.664,0.3132,0.6309,12.5924,17.4587,235.5897,0.0706,0.7214
2013-12-13T22:57:59.339Z,-4.0287,13.0326,231.8676,0.0568,-0.3081,45.4622,73.2198,231.3247,0.3174,0.6209,12.5483,17.3759,234.333,0.0707,0.7223
2013-12-13T22:58:59.566Z,-4.1397,13.2193,231.8948,0.0578,-0.3119,45.5633,73.4182,231.9333,0.3178,0.6206,12.5164,17.4865,234.9932,0.0716,0.716
2013-12-13T22:59:59.640Z,-3.8802,12.8633,229.3697,0.0564,-0.3006,45.4794,72.5002,231.8229,0.3119,0.6273,12.5822,17.4541,235.3318,0.071,0.7205
2013-12-13T23:00:59.716Z,-3.8537,12.8041,229.3259,0.0561,-0.3005,45.1639,72.0893,230.7379,0.311,0.6265,12.5741,17.4741,234.8037,0.0716,0.7198
2013-12-13T23:01:59.888Z,-3.9483,12.9749,231.9727,0.0562,-0.3035,45.6383,73.1149,230.8734,0.3184,0.6242,12.5969,17.4241,234.7806,0.0712,0.7226
2013-12-13T23:02:59.967Z,-3.6778,12.6745,232.225,0.0553,-0.2874,45.5329,72.9928,230.452,0.3179,0.6238,12.5186,17.3901,234.6376,0.0706,0.7197
2013-12-13T23:03:59.095Z,-2.8171,11.448,230.5696,0.05,-0.2449,45.4539,73.0066,230.8866,0.3166,0.6226,12.5711,17.4759,235.1906,0.0709,0.7194
2013-12-13T23:04:59.144Z,-2.7853,11.3834,228.7638,0.05,-0.2435,45.9166,72.7565,232.0235,0.3118,0.6311,12.6302,17.5149,235.8506,0.0709,0.721
2013-12-13T23:05:59.499Z,-2.8488,11.5077,230.3599,0.0499,-0.2463,45.8860,73.1601,231.8023,0.3149,0.6272,12.5967,17.476,235.3034,0.0705,0.7208
2013-12-13T23:06:59.722Z,-3.9088,12.8951,232.7148,0.0553,-0.3019,45.4455,73.1694,230.7223,0.3187,0.6211,12.4756,17.3911,233.9455,0.0715,0.7182
2013-12-13T23:07:59.923Z,-3.9343,12.9411,232.3439,0.056,-0.3033,45.0427,73.062,230.3585,0.319,0.6165,12.4947,17.3326,233.5603,0.071,0.7209
2013-12-13T23:08:59.063Z,-3.845,12.729,230.0087,0.0558,-0.301,44.9322,72.2382,230.3002,0.3129,0.622,12.5804,17.4422,234.0518,0.071,0.7224
2013-12-13T23:09:59.311Z,-3.4743,12.2394,229.1473,0.0528,-0.2824,85.7158,126.164,230.9064,0.5456,0.6794,12.5755,17.4503,235.1584,0.0705,0.7209
2013-12-13T23:10:59.537Z,-2.9155,11.5085,229.2282,0.0499,-0.2516,49.9920,79.0638,231.0805,0.3416,0.6323,12.6537,17.5718,235.728,0.0713,0.7204
2013-12-13T23:11:59.657Z,-3.9573,12.9181,232.0388,0.0564,-0.3051,45.5190,73.0056,230.4465,0.3184,0.6235,12.5512,17.4707,234.8182,0.0716,0.7181
2013-12-13T23:12:59.795Z,-3.9686,13.0107,232.0386,0.0563,-0.3038,45.2686,72.8494,230.1916,0.318,0.6214,12.5639,17.398,234.4346,0.0707,0.7226
2013-12-13T23:13:59.970Z,-2.9441,11.5345,230.1743,0.0506,-0.2531,45.3423,72.6174,230.5534,0.3143,0.6244,12.584,17.4611,235.0338,0.071,0.7207
2013-12-13T23:14:59.027Z,-3.0497,11.5586,228.655,0.0508,-0.2617,45.1488,72.1804,230.4285,0.3122,0.6255,12.6139,17.5859,235.4038,0.0725,0.7175
2013-12-13T23:15:59.155Z,-3.0874,11.896,230.4527,0.0515,-0.2569,45.0293,72.7335,230.2565,0.3165,0.6191,12.5203,17.4231,233.8295,0.0717,0.719
2013-12-13T23:16:59.326Z,-2.83,11.4733,231.2301,0.05,-0.2456,45.0034,73.0694,230.3602,0.3191,0.6159,12.5152,17.3198,233.2221,0.0711,0.7228
2013-12-13T23:17:59.449Z,-2.9241,11.4723,230.8088,0.0499,-0.2539,44.9238,73.0349,230.5224,0.318,0.6151,12.5566,17.3229,233.1214,0.0711,0.7249
2013-12-13T23:18:59.601Z,-2.9843,11.596,229.0603,0.0507,-0.2555,45.1322,72.5131,231.092,0.3131,0.6224,12.567,17.4519,233.9804,0.0712,0.7209
2013-12-13T23:19:59.819Z,-3.3169,11.9849,228.4506,0.0527,-0.2747,63.2579,97.2451,231.1307,0.4196,0.6505,12.5397,17.4199,234.7761,0.0707,0.7198
2013-12-13T23:20:59.898Z,-3.4786,12.2687,232.0643,0.0529,-0.2817,73.2378,111.2698,231.2484,0.4826,0.6582,12.5227,17.4855,234.5007,0.0714,0.7163
2013-12-13T23:21:59.089Z,-4.0376,13.0596,232.3639,0.0566,-0.3082,45.2926,73.1234,230.6078,0.3184,0.6194,12.5272,17.4527,234.0762,0.0716,0.7181
2013-12-13T23:22:59.396Z,-3.4226,12.3187,231.9891,0.0533,-0.2753,45.5174,73.2262,231.176,0.3187,0.6216,12.5188,17.4747,234.7699,0.0717,0.7171
2013-12-13T23:23:59.674Z,-2.7252,11.1959,229.4384,0.0496,-0.2432,45.7363,73.0029,231.8464,0.3149,0.6265,12.674,17.5272,235.2711,0.0712,0.7236
2013-12-13T23:24:59.922Z,-3.3011,12.0476,228.9859,0.0529,-0.2719,45.4420,72.4869,231.5397,0.3117,0.6269,12.5604,17.4196,235.0101,0.0704,0.7214
2013-12-13T23:25:59.052Z,-3.9745,12.8631,230.3045,0.0562,-0.3082,45.2907,72.6627,231.5596,0.3131,0.6233,12.4817,17.4101,234.2127,0.0713,0.7175
2013-12-13T23:26:59.176Z,-3.556,12.3703,232.295,0.0535,-0.2862,44.9569,73.0531,230.3486,0.3185,0.6154,12.4846,17.3695,233.5897,0.0712,0.7191
2013-12-13T23:27:59.226Z,-2.8279,11.5361,231.9232,0.05,-0.2438,45.0691,72.9156,229.4903,0.3187,0.6181,12.5153,17.5353,234.1043,0.0713,0.7159
2013-12-13T23:28:59.275Z,-2.9754,11.4949,228.1011,0.0503,-0.2567,45.2712,72.5616,232.1235,0.311,0.6239,12.5511,17.3144,233.3306,0.0707,0.7253
2013-12-13T23:29:59.441Z,-3.9329,12.8356,228.7155,0.0565,-0.3061,45.0576,72.173,231.4778,0.3103,0.6243,12.528,17.2811,232.8774,0.0707,0.7248
2013-12-13T23:30:59.644Z,-3.9552,12.799,231.7807,0.0555,-0.3084,92.6211,135.8878,231.3111,0.588,0.6816,12.4702,17.2326,232.5307,0.0703,0.7237
2013-12-13T23:31:59.775Z,-3.8318,12.8116,231.9378,0.0555,-0.2988,45.1939,72.9404,230.5621,0.3181,0.6196,12.5249,17.2973,233.2169,0.0707,0.7237
2013-12-13T23:32:59.943Z,-3.8638,12.8705,231.7562,0.0553,-0.2988,45.2989,73.0038,230.6298,0.3178,0.6205,12.4973,17.3101,233.2186,0.071,0.7218
2013-12-13T23:33:59.095Z,-3.8272,12.6975,229.5601,0.0557,-0.3007,45.1174,72.211,230.5905,0.3117,0.6248,12.5064,17.3743,233.8118,0.0708,0.7207
2013-12-13T23:34:59.137Z,-3.7072,12.4861,229.1378,0.054,-0.2963,45.0891,72.1079,230.6979,0.3107,0.6253,12.5362,17.3297,233.6818,0.0707,0.7233
2013-12-13T23:35:59.373Z,-3.9334,12.8407,231.4053,0.0555,-0.3055,45.4840,73.255,231.7629,0.317,0.6209,12.5201,17.3441,232.9199,0.0715,0.7227
2013-12-13T23:36:59.532Z,-3.9504,12.847,231.6626,0.0555,-0.3073,45.2973,73.3678,231.8565,0.3181,0.6174,12.53,17.2585,232.8854,0.071,0.7262
2013-12-13T23:37:59.875Z,-3.914,12.9089,231.7067,0.0557,-0.3031,45.3213,73.3591,231.9347,0.3172,0.6178,12.432,17.275,233.1248,0.0707,0.7195
2013-12-13T23:38:59.967Z,-3.9764,12.8346,230.7617,0.0562,-0.3091,45.3924,73.0368,232.0023,0.3156,0.6215,12.5932,17.3764,233.9395,0.0711,0.7243
2013-12-13T23:39:59.161Z,-3.7596,12.536,228.941,0.0548,-0.2983,45.4373,72.6067,232.2373,0.311,0.6258,12.6509,17.4186,235.2508,0.0706,0.7261
2013-12-13T23:40:59.320Z,-3.848,12.722,231.4519,0.055,-0.3016,94.2745,136.8082,232.2111,0.5887,0.6891,12.5515,17.4267,235.0732,0.0705,0.7203
2013-12-13T23:41:59.461Z,-3.8847,12.82,232.7372,0.0549,-0.3023,45.7842,73.5253,231.5943,0.3193,0.6227,12.57,17.4611,234.8818,0.0713,0.7203
2013-12-13T23:42:59.799Z,-3.779,12.8271,232.2605,0.0555,-0.2941,45.8711,73.3938,231.7645,0.318,0.625,12.5686,17.4981,235.3994,0.0709,0.7178
2013-12-13T23:43:59.366Z,-3.8702,12.8099,232.6874,0.0548,-0.3012,45.8129,73.3711,231.2324,0.3194,0.6244,12.613,17.4832,235.2738,0.0711,0.7214
2013-12-13T23:44:59.494Z,-3.8796,12.856,231.3848,0.0557,-0.3009,45.6992,72.8971,231.2063,0.3155,0.6269,12.6011,17.5447,235.4438,0.0715,0.7191
2013-12-13T23:45:59.560Z,-3.6894,12.6009,229.934,0.0546,-0.2921,45.6805,72.4512,231.3671,0.3114,0.6305,12.6411,17.5337,236.0695,0.0711,0.7211
2013-12-13T23:46:59.747Z,-3.9404,12.9335,232.4055,0.0553,-0.3046,45.5970,73.3424,231.3733,0.3183,0.6217,12.5588,17.4304,234.6554,0.0706,0.7204
2013-12-13T23:47:59.386Z,-3.8397,12.8498,232.8128,0.0555,-0.2985,45.4913,73.2314,230.6783,0.3191,0.6212,12.5777,17.4355,234.9465,0.071,0.7219
2013-12-13T23:48:59.471Z,-3.7518,12.6943,232.7747,0.0551,-0.2945,45.4269,73.2455,230.631,0.3191,0.6202,12.5886,17.4493,235.1709,0.0706,0.7216
2013-12-13T23:49:59.523Z,-2.8888,11.4873,231.6105,0.0503,-0.2509,45.3273,73.3451,231.058,0.3194,0.618,12.6093,17.4296,234.9107,0.0704,0.723
2013-12-13T23:50:59.655Z,-2.7629,11.3953,230.5218,0.0497,-0.2417,80.4286,119.7032,231.6132,0.5172,0.6719,12.6415,17.5723,235.4379,0.0713,0.7198
2013-12-13T23:51:59.763Z,-2.7147,11.2865,227.4916,0.05,-0.2401,56.9800,87.905,232.287,0.3769,0.6482,12.6847,17.6039,236.5386,0.0713,0.7206
2013-12-13T23:52:59.850Z,-2.8023,11.3636,230.1431,0.0499,-0.2451,46.1737,73.28,232.2315,0.3164,0.6301,12.6703,17.6138,236.2854,0.0716,0.7195
2013-12-13T23:53:59.040Z,-2.8258,11.4483,231.9406,0.0496,-0.2453,46.0215,73.7761,232.1482,0.3191,0.6238,12.6561,17.5383,236.077,0.0706,0.7219
2013-12-13T23:54:59.280Z,-3.6402,12.5647,233.2412,0.0535,-0.2881,45.7489,73.741,231.8613,0.3196,0.6204,12.5714,17.4777,235.3762,0.0712,0.7191
2013-12-13T23:55:59.418Z,-3.8927,12.857,233.3676,0.056,-0.3018,46.0185,73.866,232.1917,0.3197,0.623,12.567,17.463,235.2416,0.0707,0.7197
2013-12-13T23:56:59.498Z,-3.9044,13.0095,233.2279,0.0565,-0.3003,45.9746,73.7836,232.3613,0.3194,0.6231,12.5503,17.4582,235.2726,0.0711,0.7186
2013-12-13T23:57:59.868Z,-3.8679,12.8881,232.3744,0.0556,-0.3002,45.8059,73.4305,232.0756,0.3173,0.6238,12.6001,17.5727,235.5439,0.0718,0.7176
2013-12-13T23:58:59.959Z,-3.5546,12.4644,230.1081,0.0537,-0.2846,45.7758,72.8334,232.1747,0.3131,0.6285,12.6614,17.5266,236.3491,0.0713,0.7223
2013-12-13T23:59:59.151Z,-3.6778,12.6923,231.5698,0.0547,-0.2895,45.6846,73.1421,231.6893,0.316,0.6246,12.5652,17.4796,235.4017,0.071,0.7191
