2013-12-16T00:00:59.655Z,1484.3912,1590.4484,230.5983,6.8965,0.9316,1979.2507,2174.5228,230.7393,9.4241,0.9102,1610.2717,1709.5139,232.469,7.3537,0.9402
2013-12-16T00:01:59.700Z,1515.0167,1615.9061,230.8984,6.9984,0.9397,1964.8769,2172.3349,229.5132,9.4647,0.9045,1587.9067,1682.1129,232.5085,7.2343,0.9423
2013-12-16T00:02:59.878Z,1514.6152,1617.1087,230.6746,7.0101,0.938,1968.1612,2176.2066,229.8398,9.4682,0.9044,1592.7751,1687.8495,232.5377,7.2583,0.9424
2013-12-16T00:03:59.982Z,1489.5478,1599.0489,229.8709,6.9567,0.93,1978.7366,2174.4358,230.6068,9.4296,0.91,1616.6562,1715.6225,232.9178,7.3655,0.9401
2013-12-16T00:04:59.028Z,1497.9302,1601.9755,230.5944,6.9474,0.9357,1989.3311,2186.0781,230.5412,9.4824,0.91,1603.7299,1704.7778,232.521,7.3312,0.94
2013-12-16T00:05:59.072Z,1498.3434,1599.7836,230.6076,6.9373,0.9383,1979.7498,2177.9426,229.77,9.4784,0.909,1585.9847,1686.2602,232.0354,7.2673,0.94
2013-12-16T00:06:59.238Z,1501.9223,1600.3878,230.6039,6.9401,0.94,1972.0872,2175.4961,229.4514,9.4814,0.9065,1575.1241,1674.5408,232.2416,7.2101,0.9403
2013-12-16T00:07:59.385Z,1509.3758,1606.3303,230.6589,6.9637,0.94,1958.0449,2172.9496,229.303,9.4767,0.9011,1570.5288,1666.8761,232.7584,7.1607,0.9404
2013-12-16T00:08:59.508Z,1497.7458,1601.2934,229.8815,6.966,0.9344,1972.6136,2170.092,229.5081,9.4552,0.909,1589.3254,1688.1339,233.0233,7.2441,0.94
2013-12-16T00:09:59.567Z,1485.6065,1598.3145,229.0204,6.9786,0.9303,1959.7987,2154.3352,229.326,9.3942,0.9097,1602.1616,1699.8105,232.8961,7.2984,0.9408
2013-12-16T00:10:59.668Z,1476.582,1586.0464,228.8137,6.9313,0.9299,1954.1441,2149.537,229.2999,9.3746,0.9091,1589.9683,1688.6967,232.6222,7.2597,0.9403
2013-12-16T00:11:59.994Z,1479.1122,1602.7258,226.0287,7.0913,0.9219,1908.0647,2109.5243,229.2895,9.2004,0.9045,1605.4631,1692.7852,233.7008,7.2433,0.9496
2013-12-16T00:12:59.064Z,1508.0452,1614.1667,228.4247,7.0671,0.9359,1923.2364,2140.0205,228.4316,9.3684,0.8987,1570.0631,1660.6119,233.2145,7.1207,0.9444
2013-12-16T00:13:59.301Z,1491.2187,1594.8485,229.5174,6.9485,0.9347,1963.8080,2163.499,229.4105,9.4309,0.9077,1582.277,1681.0884,232.8706,7.2185,0.94
2013-12-16T00:14:59.410Z,1487.1891,1596.9597,229.5622,6.9562,0.93,1961.5293,2155.5267,229.8636,9.3775,0.91,1602.7372,1698.2335,232.9962,7.2888,0.9423
2013-12-16T00:15:59.545Z,1501.6406,1607.5909,229.7587,6.9965,0.934,1964.1853,2165.1072,229.9886,9.4142,0.9072,1596.0275,1690.3083,233.3372,7.2434,0.943
2013-12-16T00:16:59.734Z,1514.1459,1620.9048,230.2861,7.0387,0.9327,1954.6893,2160.1164,229.5845,9.4084,0.9049,1602.2098,1692.1553,233.836,7.2363,0.9484
2013-12-16T00:17:59.890Z,1507.4042,1611.0245,230.5296,6.9881,0.9368,1976.7661,2174.1818,229.5573,9.4709,0.9092,1597.1431,1693.2008,233.7801,7.2425,0.9422
2013-12-16T00:18:59.213Z,1506.7288,1605.2542,230.9936,6.9491,0.94,1982.6454,2186.4197,229.3504,9.5333,0.9068,1578.1102,1679.8025,232.6803,7.219,0.9399
2013-12-16T00:19:59.306Z,1510.8109,1612.2891,230.8432,6.9847,0.9388,1958.1275,2173.5237,228.8359,9.4982,0.9009,1576.2667,1674.3694,232.4263,7.2035,0.94
2013-12-16T00:20:59.356Z,1498.0945,1606.3934,230.3679,6.9733,0.9313,1951.5637,2162.3975,228.9638,9.4436,0.9025,1589.1952,1687.7297,232.0265,7.2736,0.94
2013-12-16T00:21:59.573Z,1498.5514,1607.2889,230.367,6.9772,0.9304,1951.3701,2161.7039,229.0232,9.4386,0.9027,1588.9869,1686.8135,231.8324,7.2759,0.9402
2013-12-16T00:22:59.661Z,1503.8864,1611.979,230.5463,6.9918,0.9311,1950.8288,2165.1818,229.4328,9.4368,0.901,1591.9474,1688.7349,232.069,7.2766,0.9409
2013-12-16T00:23:59.758Z,1491.3856,1596.6181,230.5165,6.926,0.9329,1981.0343,2179.5955,230.2104,9.4676,0.9089,1596.4189,1698.6065,232.1178,7.3184,0.94
2013-12-16T00:24:59.819Z,1484.3175,1591.6984,230.4251,6.9073,0.9304,1977.7664,2173.6085,229.9614,9.4515,0.9099,1601.2705,1703.7961,232.027,7.343,0.94
2013-12-16T00:25:59.093Z,1490.9788,1593.9244,230.7395,6.9076,0.9363,1988.9910,2185.7044,229.9079,9.5068,0.91,1588.0459,1692.3416,231.8498,7.2991,0.9397
2013-12-16T00:26:59.148Z,1496.3734,1594.879,231.0392,6.9031,0.9396,1997.5323,2195.0904,230.3413,9.5295,0.91,1589.6482,1694.2387,232.4546,7.2889,0.9396
2013-12-16T00:27:59.305Z,1481.3589,1583.7296,230.9323,6.8577,0.9367,2001.4890,2192.4515,231.0085,9.4908,0.9129,1605.6314,1710.7605,232.6065,7.3541,0.9397
2013-12-16T00:28:59.684Z,1486.0732,1586.3208,231.184,6.8614,0.9388,2001.3385,2194.9315,231.0542,9.4995,0.9118,1605.5498,1710.2113,232.6686,7.3509,0.9399
2013-12-16T00:29:59.862Z,1488.9291,1589.9181,231.269,6.8749,0.9382,1993.3413,2189.763,230.7514,9.4895,0.9103,1602.8505,1706.0562,232.4968,7.3381,0.9398
2013-12-16T00:30:59.970Z,1491.4076,1592.0567,231.1405,6.8883,0.9388,1991.0682,2187.987,230.5114,9.4918,0.91,1597.5636,1700.5082,232.4015,7.3171,0.94
2013-12-16T00:31:59.066Z,1495.4695,1597.0327,231.0338,6.9129,0.9375,1987.1444,2183.6752,230.6582,9.4669,0.91,1598.8476,1698.4014,232.4182,7.3079,0.9401
2013-12-16T00:32:59.203Z,1498.8639,1605.2452,230.6808,6.9584,0.9322,1973.1844,2168.3345,230.2951,9.4162,0.91,1610.1432,1704.4467,232.9391,7.3176,0.9448
2013-12-16T00:33:59.422Z,1496.9483,1607.42,230.5758,6.9711,0.9303,1964.5019,2158.5561,230.5604,9.3622,0.9101,1625.001,1715.6751,233.3728,7.3519,0.9488
2013-12-16T00:34:59.500Z,1491.7251,1604.4115,230.5367,6.9589,0.9299,1964.0732,2158.0851,230.4422,9.3651,0.9101,1630.4322,1722.6129,233.4591,7.3786,0.9485
2013-12-16T00:35:59.569Z,1488.1384,1601.2386,230.2862,6.953,0.9295,1961.6719,2155.4465,230.3582,9.3569,0.9101,1626.1647,1718.7213,233.2108,7.3697,0.9475
2013-12-16T00:36:59.658Z,1470.6901,1576.7179,230.3139,6.8459,0.9314,1985.3593,2178.3622,230.7671,9.4392,0.9114,1603.4616,1708.7163,231.8238,7.371,0.9399
2013-12-16T00:37:59.731Z,1469.3688,1578.8191,229.8934,6.8674,0.93,1972.2741,2167.3342,230.4151,9.406,0.91,1603.4901,1706.9126,231.7435,7.3655,0.94
2013-12-16T00:38:59.836Z,1480.4978,1588.5248,229.9416,6.9083,0.9313,1970.5905,2165.4841,230.2053,9.4071,0.91,1595.4153,1696.5379,231.7139,7.3224,0.94
2013-12-16T00:39:59.949Z,1480.4141,1589.8787,229.8196,6.9182,0.9301,1968.7179,2163.4263,230.0909,9.4025,0.91,1604.6854,1704.3351,232.5015,7.3309,0.9403
2013-12-16T00:40:59.143Z,1474.1207,1583.1386,230.0038,6.8828,0.9301,1977.0990,2166.209,230.3925,9.4024,0.9127,1611.333,1711.8322,232.6998,7.3563,0.94
2013-12-16T00:41:59.225Z,1482.4668,1592.4982,230.2435,6.9159,0.93,1970.9795,2164.2467,231.2793,9.3577,0.9107,1621.3412,1717.302,232.7824,7.3776,0.943
2013-12-16T00:42:59.345Z,1482.1599,1594.6246,229.8166,6.939,0.93,1959.7206,2153.5391,230.8074,9.3303,0.91,1615.0036,1709.5651,232.461,7.3543,0.9445
2013-12-16T00:43:59.516Z,1471.3768,1583.8811,229.4868,6.9018,0.9299,1962.3323,2156.4091,230.4691,9.3572,0.91,1608.2609,1708.24,232.0805,7.3603,0.9402
2013-12-16T00:44:59.936Z,1468.5019,1582.343,229.6687,6.8895,0.9292,1969.6217,2156.1267,230.7373,9.3443,0.9135,1622.6678,1721.0187,232.8414,7.3912,0.9422
2013-12-16T00:45:59.133Z,1479.0091,1592.9197,230.1692,6.9209,0.929,1969.2129,2156.1512,231.1443,9.3288,0.9133,1630.6986,1724.4395,233.1557,7.396,0.9464
2013-12-16T00:46:59.181Z,1478.723,1588.0601,230.6083,6.8863,0.9304,1981.1417,2164.9456,231.2048,9.3638,0.9151,1624.6172,1720.3952,233.0323,7.3831,0.944
2013-12-16T00:47:59.384Z,1478.7318,1588.807,231.0012,6.8777,0.93,1982.8373,2164.6695,231.1786,9.3634,0.916,1628.5015,1723.9543,233.0061,7.3984,0.9438
2013-12-16T00:48:59.656Z,1477.7141,1587.1305,230.9378,6.873,0.93,1977.7912,2165.5439,230.7903,9.3834,0.9133,1620.7147,1718.1897,232.7811,7.3808,0.9415
2013-12-16T00:49:59.714Z,1474.9539,1584.3683,230.9053,6.8616,0.9301,1983.5447,2167.0979,231.011,9.3808,0.9153,1622.4255,1720.3947,232.6637,7.3938,0.9411
2013-12-16T00:50:59.769Z,1473.9186,1588.9722,230.6051,6.8903,0.9291,1957.9567,2147.1178,230.2185,9.3268,0.9119,1626.1253,1720.3782,232.6019,7.3959,0.9458
2013-12-16T00:51:59.853Z,1482.9962,1599.9443,229.8898,6.96,0.9283,1944.0031,2136.2671,229.9126,9.2916,0.91,1623.2596,1713.6147,232.9703,7.3554,0.9493
2013-12-16T00:52:59.129Z,1488.1136,1600.9629,230.0517,6.9593,0.93,1955.6267,2149.0403,230.4989,9.3232,0.91,1624.691,1715.8648,233.3955,7.3516,0.9486
2013-12-16T00:53:59.256Z,1492.5765,1607.7933,229.4662,7.0063,0.9292,1943.0838,2136.9007,230.0366,9.2893,0.9093,1615.7642,1703.8951,233.1626,7.3077,0.9499
2013-12-16T00:54:59.382Z,1477.9029,1595.4337,229.0642,6.9653,0.9271,1941.1940,2133.8837,229.2977,9.3063,0.9097,1608.4883,1702.2932,232.5346,7.3202,0.9444
2013-12-16T00:55:59.458Z,1477.5659,1599.1637,228.7654,6.99,0.9232,1930.4194,2122.0396,229.0467,9.2647,0.9097,1614.0068,1704.5195,232.6627,7.3258,0.949
2013-12-16T00:56:59.554Z,1482.707,1602.95,228.5657,7.013,0.9248,1915.2554,2120.0525,228.7297,9.2686,0.9034,1604.5575,1695.0652,232.4359,7.2925,0.9481
2013-12-16T00:57:59.671Z,1467.3524,1588.422,228.0964,6.9635,0.9223,1933.6478,2126.9913,229.6215,9.263,0.9091,1611.5438,1706.9862,232.1125,7.3543,0.9428
2013-12-16T00:58:59.799Z,1457.63,1581.1913,227.9669,6.9358,0.9204,1939.6145,2131.4445,229.9161,9.2705,0.91,1621.5656,1719.3144,232.2056,7.4038,0.9412
2013-12-16T00:59:59.243Z,1465.948,1586.1798,228.4499,6.9436,0.9232,1944.5773,2136.8981,230.0927,9.2871,0.91,1616.4776,1713.0175,232.0001,7.3832,0.9427
2013-12-16T01:00:59.357Z,1479.6793,1594.1893,229.0557,6.9596,0.9297,1950.7090,2145.5224,230.2426,9.3182,0.9092,1612.1241,1706.8628,232.4129,7.3436,0.9441
2013-12-16T01:01:59.507Z,1501.1605,1613.4167,229.4216,7.0324,0.93,1951.1040,2146.1929,230.3782,9.316,0.9091,1611.7803,1700.7984,232.8816,7.3034,0.9499
2013-12-16T01:02:59.557Z,1491.5565,1605.4375,229.2257,7.0039,0.9298,1948.1714,2143.6745,230.0059,9.3204,0.9088,1609.222,1701.0964,232.5059,7.3167,0.9466
2013-12-16T01:03:59.662Z,1488.2661,1605.3937,229.0434,7.0088,0.9267,1936.5235,2136.2642,229.3688,9.3139,0.9065,1611.2201,1702.6499,232.7015,7.317,0.948
2013-12-16T01:04:59.822Z,1489.5018,1605.3405,228.8802,7.0137,0.9296,1931.6723,2139.6459,229.1237,9.3387,0.9028,1598.5636,1692.6089,232.0116,7.2953,0.9438
2013-12-16T01:05:59.921Z,1484.9392,1600.256,229.2792,6.9788,0.9295,1952.2448,2146.5034,229.7054,9.3445,0.9095,1610.526,1705.8411,232.3496,7.3413,0.9432
2013-12-16T01:06:59.269Z,1487.6675,1604.1405,229.3104,6.9953,0.9292,1951.5460,2144.7917,229.9022,9.329,0.9099,1616.0009,1709.8684,232.6016,7.3511,0.9453
2013-12-16T01:07:59.362Z,1472.4885,1591.9189,229.0825,6.9488,0.9245,1952.8720,2146.0132,229.8417,9.3364,0.91,1618.8571,1717.6036,232.1355,7.3992,0.9402
2013-12-16T01:08:59.607Z,1471.6567,1593.0363,229.1149,6.9529,0.9225,1949.9859,2142.8417,229.8414,9.3231,0.91,1623.2775,1721.2781,232.0257,7.4186,0.9415
2013-12-16T01:09:59.683Z,1474.215,1597.9408,228.7783,6.9841,0.921,1943.0161,2135.1825,229.5965,9.2997,0.91,1627.8885,1722.8102,232.5443,7.4083,0.9449
2013-12-16T01:10:59.773Z,1473.1885,1595.7787,228.42,6.9863,0.922,1944.9385,2137.2951,229.4919,9.3127,0.91,1620.0906,1716.7696,232.2859,7.3905,0.9422
2013-12-16T01:11:59.942Z,1480.811,1603.6045,228.4735,7.0182,0.9221,1941.8287,2135.0508,229.3352,9.31,0.9095,1617.7685,1712.3455,232.3579,7.3692,0.9446
2013-12-16T01:12:59.321Z,1471.7615,1596.1045,227.6568,7.0111,0.9202,1943.6509,2136.1148,229.9531,9.289,0.9099,1620.2481,1717.1038,232.263,7.3929,0.9435
2013-12-16T01:13:59.409Z,1464.3306,1589.2915,227.5208,6.9853,0.92,1945.5815,2138.0017,229.8749,9.3008,0.91,1617.66,1718.1369,231.7538,7.4134,0.94
2013-12-16T01:14:59.477Z,1470.8437,1598.3628,227.554,7.024,0.9201,1938.4192,2130.5993,229.9062,9.2672,0.9098,1625.9095,1721.9916,232.1832,7.4167,0.9436
2013-12-16T01:15:59.526Z,1459.6989,1589.2239,227.8252,6.9757,0.9199,1941.5227,2133.307,230.436,9.2581,0.9101,1640.9214,1738.8408,232.2842,7.4861,0.9418
2013-12-16T01:16:59.639Z,1459.3643,1590.0555,227.9993,6.9742,0.9198,1942.1560,2133.534,230.4175,9.2593,0.9103,1644.6975,1741.9539,232.3393,7.4972,0.9433
2013-12-16T01:17:59.704Z,1437.0761,1572.1688,227.0978,6.923,0.9137,1952.3775,2130.2537,230.0392,9.2601,0.9165,1644.4165,1748.364,232.0682,7.5334,0.94
2013-12-16T01:18:59.904Z,1430.3981,1569.6225,226.8139,6.9198,0.9103,1945.4116,2121.4958,229.61,9.2398,0.917,1645.7538,1749.4855,231.9216,7.5435,0.9402
2013-12-16T01:19:59.995Z,1442.681,1576.5891,227.7561,6.9228,0.9161,1949.5285,2130.1666,229.7578,9.2715,0.9152,1643.2134,1744.943,232.1067,7.5175,0.9402
2013-12-16T01:20:59.096Z,1451.0963,1580.5548,228.2398,6.9251,0.9195,1949.6430,2140.583,229.8029,9.3148,0.9108,1635.4762,1739.0916,231.8446,7.5012,0.94
2013-12-16T01:21:59.327Z,1474.6657,1595.0384,228.9673,6.9663,0.9239,1959.7729,2153.5966,229.8352,9.3708,0.91,1616.7856,1718.0809,231.7729,7.4128,0.94
2013-12-16T01:22:59.370Z,1476.7185,1596.465,229.0641,6.9697,0.9252,1963.5003,2157.6926,230.039,9.3798,0.91,1619.1193,1720.7795,232.0109,7.417,0.94
2013-12-16T01:23:59.492Z,1476.3749,1592.6162,229.7039,6.9333,0.9287,1973.3258,2168.4899,230.5745,9.4048,0.91,1622.3931,1725.8875,232.1065,7.4349,0.94
2013-12-16T01:24:59.678Z,1476.304,1597.0222,230.0484,6.9425,0.9242,1972.3634,2160.547,230.9653,9.3542,0.9129,1643.6768,1742.3796,232.6548,7.4894,0.9418
2013-12-16T01:25:59.839Z,1460.9085,1586.9127,229.1663,6.9251,0.92,1965.4657,2152.0483,230.283,9.3452,0.9133,1639.6242,1741.971,232.0352,7.5074,0.9401
2013-12-16T01:26:59.029Z,1464.6565,1591.0673,229.0118,6.9473,0.9193,1956.0772,2147.8832,229.7455,9.3491,0.9107,1635.5962,1736.8111,232.2471,7.4787,0.9408
2013-12-16T01:27:59.293Z,1459.7684,1599.244,226.7566,7.0527,0.9126,1917.8760,2109.8746,227.966,9.2553,0.909,1640.2702,1735.3431,233.4077,7.4345,0.9457
2013-12-16T01:28:59.455Z,1431.5015,1573.8816,225.7348,6.9727,0.9103,1948.1337,2122.15,230.0017,9.2272,0.918,1654.1957,1758.3456,232.6675,7.5574,0.94
2013-12-16T01:29:59.555Z,1463.2249,1583.6848,228.9448,6.9168,0.9238,1978.3257,2167.0782,230.576,9.3987,0.9129,1630.0607,1736.2384,232.2593,7.4754,0.9395
2013-12-16T01:30:59.667Z,1467.2911,1592.8137,229.0284,6.9547,0.9201,1971.1479,2154.731,230.6252,9.3433,0.9148,1647.4642,1748.1918,232.6208,7.5157,0.9401
2013-12-16T01:31:59.870Z,1458.0874,1586.204,228.6917,6.9359,0.92,1975.2992,2154.0885,230.7813,9.3343,0.917,1647.5432,1750.9513,232.1017,7.544,0.94
2013-12-16T01:32:59.994Z,1472.8044,1597.6468,228.9028,6.9791,0.9208,1964.8455,2157.2744,230.7376,9.3497,0.9108,1640.8386,1741.5715,232.4104,7.4935,0.94
2013-12-16T01:33:59.162Z,1486.5776,1608.5614,229.1986,7.0185,0.9233,1961.4723,2155.4641,230.4212,9.3543,0.91,1634.9034,1732.3337,232.7257,7.4434,0.9422
2013-12-16T01:34:59.461Z,1498.2573,1617.4918,229.7521,7.0404,0.9275,1950.9098,2151.897,229.2504,9.3866,0.9066,1620.7258,1716.4391,232.6639,7.3771,0.943
2013-12-16T01:35:59.516Z,1498.14,1612.3915,229.9701,7.0112,0.93,1953.5919,2162.7277,228.9729,9.4453,0.9033,1602.1857,1702.2902,231.9832,7.3384,0.9401
2013-12-16T01:36:59.657Z,1480.4741,1593.9639,229.7385,6.938,0.93,1976.0848,2171.9991,229.247,9.4742,0.9098,1598.238,1706.2154,231.3724,7.3741,0.9388
2013-12-16T01:37:59.799Z,1482.6344,1597.7781,229.9538,6.9481,0.9297,1967.4059,2165.0775,229.1572,9.4481,0.9087,1600.8537,1706.2114,231.2453,7.3778,0.94
2013-12-16T01:38:59.047Z,1483.2645,1603.4263,229.4381,6.9887,0.9251,1950.7906,2151.7655,228.8118,9.4043,0.9066,1609.0823,1709.7163,231.6635,7.3801,0.9401
2013-12-16T01:39:59.276Z,1467.808,1587.5232,229.477,6.9173,0.9239,1975.6766,2166.5496,230.1995,9.4119,0.9119,1625.3678,1731.3392,232.0872,7.4601,0.9399
2013-12-16T01:40:59.378Z,1465.9433,1583.3364,229.7339,6.8922,0.9268,1986.5762,2173.9726,230.4027,9.4352,0.9138,1624.9166,1732.3668,232.225,7.4598,0.9392
2013-12-16T01:41:59.495Z,1479.1948,1593.8188,230.0329,6.9285,0.9296,1982.8513,2178.7181,230.7257,9.4428,0.9101,1621.5688,1727.3363,232.3273,7.4351,0.94
2013-12-16T01:42:59.635Z,1489.4586,1603.7501,230.2897,6.9643,0.93,1977.7049,2173.3021,230.1797,9.4418,0.91,1618.6324,1720.962,232.4708,7.4034,0.94
2013-12-16T01:43:59.786Z,1494.523,1612.1946,230.1456,7.0046,0.9283,1968.0694,2163.1891,229.849,9.4113,0.9098,1621.6716,1720.3853,232.5048,7.3992,0.9402
2013-12-16T01:44:59.901Z,1493.871,1609.119,229.922,6.9988,0.9298,1965.8181,2164.9979,229.4313,9.4365,0.908,1609.6026,1711.2753,232.2236,7.3691,0.94
2013-12-16T01:45:59.019Z,1489.2033,1606.2295,230.266,6.9759,0.9287,1971.4976,2166.4809,229.9429,9.4223,0.91,1624.342,1724.9251,232.5384,7.4179,0.94
2013-12-16T01:46:59.218Z,1476.7528,1597.9524,229.71,6.9562,0.9239,1967.8762,2162.0262,229.9934,9.4006,0.9102,1630.7265,1732.9844,232.4645,7.4545,0.94
2013-12-16T01:47:59.285Z,1474.8313,1600.9932,229.1887,6.9858,0.9204,1962.3971,2154.3496,230.0322,9.366,0.9109,1645.4835,1745.2123,233.2992,7.4807,0.9415
2013-12-16T01:48:59.418Z,1478.6505,1601.5569,229.913,6.9661,0.9218,1970.1893,2161.9547,229.9192,9.4033,0.9113,1642.2538,1743.4187,233.0811,7.4795,0.9401
2013-12-16T01:49:59.541Z,1479.7476,1600.4994,230.4318,6.9461,0.9242,1979.6332,2168.0355,230.239,9.4168,0.9131,1644.8868,1745.5269,233.1444,7.4877,0.9402
2013-12-16T01:50:59.631Z,1480.2012,1607.1233,229.5678,7.0012,0.9193,1954.6371,2147.4809,230.0315,9.3359,0.9102,1652.4037,1748.2036,233.4215,7.489,0.9448
2013-12-16T01:51:59.712Z,1477.2487,1618.0772,227.3114,7.1176,0.9113,1927.9620,2118.4068,230.7286,9.1814,0.9101,1674.5211,1762.3776,234.2274,7.5239,0.95
2013-12-16T01:52:59.856Z,1506.9789,1625.4492,230.2849,7.0579,0.9284,1964.4741,2158.7628,230.3843,9.3702,0.91,1635.2245,1727.349,233.3485,7.4025,0.9484
2013-12-16T01:53:59.902Z,1502.4724,1620.9796,230.1602,7.0429,0.9283,1959.4719,2157.0584,229.8063,9.3863,0.9084,1625.3168,1720.6653,232.793,7.3913,0.9446
2013-12-16T01:54:59.065Z,1498.3324,1615.7572,230.0497,7.0233,0.9289,1954.1748,2160.5028,229.5818,9.4102,0.9045,1611.941,1710.8274,231.9567,7.3761,0.9402
2013-12-16T01:55:59.142Z,1494.0199,1611.1479,230.4038,6.9924,0.9287,1968.5035,2164.8559,229.9258,9.4155,0.9093,1621.7163,1721.2667,232.065,7.4167,0.9402
2013-12-16T01:56:59.202Z,1471.0191,1593.7727,230.1346,6.925,0.9214,1975.1435,2164.0665,230.4946,9.3889,0.9127,1641.1314,1744.7068,232.1759,7.5141,0.9401
2013-12-16T01:57:59.301Z,1464.4705,1586.5547,229.7587,6.9052,0.921,1973.7848,2166.3756,230.3553,9.4046,0.9111,1632.3292,1739.3167,231.514,7.5128,0.94
2013-12-16T01:58:59.543Z,1470.3831,1591.2738,229.8886,6.9217,0.9228,1974.5067,2167.6438,230.431,9.4067,0.9109,1631.2431,1737.1315,231.6881,7.4973,0.94
2013-12-16T01:59:59.744Z,1471.3591,1589.5277,229.8324,6.9163,0.9263,1981.5989,2177.5812,230.3895,9.4518,0.91,1623.2453,1732.5285,231.5895,7.4815,0.939
2013-12-16T02:00:59.802Z,1453.4541,1572.6565,229.5116,6.8527,0.9233,2005.4589,2183.1688,230.9748,9.4517,0.9186,1630.6534,1745.3148,231.2941,7.5457,0.9339
2013-12-16T02:01:59.948Z,1468.4086,1588.7895,229.4655,6.9238,0.9237,1975.6473,2169.8488,230.5136,9.4132,0.9105,1626.4746,1734.4974,231.3541,7.497,0.9392
2013-12-16T02:02:59.174Z,1473.1973,1594.9413,229.4805,6.9502,0.9221,1971.6623,2166.6619,230.4912,9.4003,0.91,1628.5179,1734.4352,231.3956,7.4953,0.94
2013-12-16T02:03:59.362Z,1475.0952,1592.6715,229.9663,6.9259,0.9278,1985.3083,2178.5453,230.8112,9.4388,0.9113,1630.8724,1738.0933,231.8405,7.4969,0.94
2013-12-16T02:04:59.639Z,1470.8589,1590.9218,229.7472,6.9242,0.9247,1984.8811,2177.3597,230.7247,9.4366,0.9116,1630.4065,1738.6952,231.6229,7.5066,0.9395
2013-12-16T02:05:59.082Z,1464.9227,1585.1483,229.9732,6.8928,0.9243,2006.0135,2183.7726,231.1961,9.4462,0.9186,1641.2026,1751.7295,231.8266,7.5563,0.9387
2013-12-16T02:06:59.195Z,1454.7687,1580.3376,229.7824,6.8779,0.92,2002.2404,2176.3483,231.1289,9.416,0.92,1653.8954,1764.1725,231.9748,7.6053,0.9392
2013-12-16T02:07:59.365Z,1458.2068,1581.0806,229.4802,6.8902,0.9204,2005.3750,2179.9924,231.2469,9.4265,0.9199,1646.8429,1757.6494,232.0915,7.573,0.9391
2013-12-16T02:08:59.592Z,1470.7925,1589.8301,229.7565,6.9192,0.9252,1995.7998,2182.8719,230.6884,9.4623,0.9143,1630.7118,1740.6475,231.9004,7.5062,0.9383
2013-12-16T02:09:59.749Z,1476.2623,1595.0047,229.9614,6.9359,0.9261,1996.4204,2183.7895,231.2308,9.4442,0.9142,1639.9023,1746.9952,232.2635,7.5213,0.94
2013-12-16T02:10:59.858Z,1476.9985,1597.1142,229.8634,6.9477,0.9247,1992.9476,2181.6613,231.372,9.4292,0.9135,1642.6275,1749.0386,232.2243,7.5313,0.94
2013-12-16T02:11:59.936Z,1481.7054,1605.7725,229.5239,6.9955,0.9208,1973.3334,2167.7836,231.0832,9.3809,0.9103,1648.0987,1749.3054,232.6593,7.5184,0.94
2013-12-16T02:12:59.010Z,1483.3932,1607.9643,229.2562,7.0136,0.9205,1968.1220,2162.7714,230.9914,9.363,0.91,1648.4291,1748.7564,232.6915,7.5151,0.9412
2013-12-16T02:13:59.116Z,1474.9513,1600.2358,228.9639,6.989,0.92,1965.8967,2160.0887,230.8478,9.3568,0.9101,1640.5528,1743.5074,232.1216,7.5117,0.94
2013-12-16T02:14:59.296Z,1465.0213,1595.6205,228.772,6.9748,0.9197,1959.5933,2149.8555,231.1537,9.3004,0.9115,1652.9259,1754.0685,232.039,7.5597,0.94
2013-12-16T02:15:59.350Z,1466.2712,1592.8246,228.6795,6.9656,0.92,1967.6069,2160.0691,231.1939,9.3425,0.9109,1639.7691,1744.411,231.7589,7.5271,0.94
2013-12-16T02:16:59.423Z,1465.2336,1590.3784,228.8022,6.9508,0.9201,1966.9759,2160.7996,231.0804,9.3509,0.9103,1638.0355,1743.2924,231.8058,7.5202,0.94
2013-12-16T02:17:59.536Z,1470.0646,1593.8116,228.8315,6.9651,0.9214,1966.0315,2160.2368,230.9563,9.3541,0.9101,1633.9903,1737.5447,231.8733,7.494,0.94
2013-12-16T02:18:59.860Z,1464.6623,1588.3115,228.6922,6.945,0.9208,1968.3249,2161.0945,230.9418,9.3577,0.9108,1633.7561,1739.2108,231.7047,7.5059,0.94
2013-12-16T02:19:59.269Z,1462.9777,1586.2434,229.2312,6.9197,0.9208,1991.0932,2166.8225,231.4558,9.3615,0.9189,1651.2221,1755.5542,232.5766,7.5476,0.94
2013-12-16T02:20:59.322Z,1460.7964,1582.4337,229.4752,6.8957,0.9217,1983.2888,2166.3449,230.6701,9.3917,0.9155,1635.3018,1742.5114,231.8767,7.5151,0.9398
2013-12-16T02:21:59.400Z,1475.0783,1594.0427,229.5275,6.9447,0.9258,1977.2115,2172.7599,230.357,9.4319,0.91,1624.5658,1732.2283,231.7552,7.4742,0.9388
2013-12-16T02:22:59.473Z,1484.7132,1603.1303,229.7546,6.9782,0.927,1978.3020,2174.1972,230.1482,9.447,0.9099,1618.6136,1725.063,231.5764,7.4496,0.9399
2013-12-16T02:23:59.640Z,1481.2526,1595.9344,230.2661,6.9308,0.9295,1989.4397,2186.1975,230.5554,9.4823,0.91,1619.701,1728.7794,231.5437,7.466,0.939
2013-12-16T02:24:59.084Z,1495.0787,1608.2129,230.4285,6.9796,0.9299,1996.7273,2194.2058,230.483,9.5198,0.91,1617.4045,1726.4925,231.7293,7.4507,0.9392
2013-12-16T02:25:59.317Z,1497.3229,1610.6357,230.3709,6.9917,0.93,1984.3845,2180.882,229.9635,9.4837,0.9099,1614.6386,1719.1213,232.1096,7.4068,0.9398
2013-12-16T02:26:59.374Z,1501.2589,1612.9096,230.4059,7.0001,0.93,1973.0499,2170.572,229.713,9.4491,0.909,1611.6047,1711.4788,232.462,7.3621,0.94
2013-12-16T02:27:59.465Z,1493.0375,1608.5986,230.3272,6.984,0.9296,1985.5754,2181.4715,230.2798,9.4731,0.9102,1632.1735,1735.8762,233.0535,7.4484,0.94
2013-12-16T02:28:59.773Z,1485.3517,1600.8574,230.0902,6.9572,0.9296,1985.9172,2182.3266,230.4107,9.4721,0.91,1628.9659,1734.3768,232.822,7.4496,0.94
2013-12-16T02:29:59.914Z,1489.15,1602.6061,230.6662,6.9474,0.93,1991.1360,2180.8718,230.5687,9.4583,0.913,1635.2385,1737.2687,233.2678,7.4475,0.9401
2013-12-16T02:30:59.139Z,1488.3797,1604.602,229.6965,6.9855,0.9274,1967.0662,2161.6112,230.3497,9.3841,0.91,1629.1713,1726.9996,233.2364,7.4053,0.9422
2013-12-16T02:31:59.232Z,1478.7735,1607.6924,227.3362,7.0717,0.92,1938.4751,2130.8949,230.4404,9.247,0.9097,1641.5829,1734.0948,233.6327,7.4218,0.9484
2013-12-16T02:32:59.307Z,1499.6708,1617.1267,228.8893,7.0654,0.9262,1955.8909,2154.7768,230.124,9.3629,0.9077,1617.3965,1713.5221,232.865,7.3583,0.9437
2013-12-16T02:33:59.518Z,1489.678,1598.9608,229.8471,6.9569,0.9304,1984.2020,2180.4418,230.4874,9.4601,0.91,1601.2567,1707.352,231.6932,7.3691,0.9392
2013-12-16T02:34:59.626Z,1491.6313,1606.1817,229.3575,7.0027,0.9299,1978.0688,2176.3327,229.8962,9.4666,0.9089,1606.6861,1713.4,231.8314,7.3909,0.9395
2013-12-16T02:35:59.734Z,1503.5515,1619.6414,229.6131,7.0539,0.9297,1981.6811,2192.8528,229.8605,9.5401,0.9037,1611.7173,1721.7303,231.7696,7.4288,0.9373
2013-12-16T02:36:59.826Z,1365.1284,1474.0893,230.1496,6.4112,0.8208,1842.3969,2067.7855,230.6529,8.9726,0.891,1458.0178,1573.2521,230.8061,6.8237,0.9039
2013-12-16T02:37:59.953Z,-3.4164,12.2353,234.046,0.0514,-0.2784,51.5150,80.4545,233.015,0.3441,0.6403,12.4989,17.2299,232.8978,0.0704,0.726
2013-12-16T02:38:59.239Z,-3.4299,12.292,234.1957,0.0514,-0.2785,8.6370,16.6802,232.8624,0.0703,0.5178,12.4361,17.3395,232.648,0.0715,0.7177
2013-12-16T02:39:59.384Z,-3.4811,12.4316,233.676,0.0532,-0.2787,8.6189,16.6838,232.4462,0.071,0.5166,12.4543,17.3073,233.184,0.0712,0.7198
2013-12-16T02:40:59.490Z,-3.3631,12.2702,232.7261,0.0519,-0.2727,8.4611,16.5482,231.6874,0.0703,0.5113,12.4895,17.4173,233.8787,0.0712,0.7173
2013-12-16T02:41:59.585Z,-3.3233,12.1445,230.7691,0.0514,-0.2732,8.0651,16.195,231.207,0.0701,0.498,12.5322,17.4006,234.2752,0.0706,0.7209
2013-12-16T02:42:59.635Z,-3.4832,12.4207,232.8536,0.0521,-0.2797,8.5151,16.5566,230.6191,0.0704,0.5143,12.4993,17.3441,233.9518,0.071,0.7207
2013-12-16T02:43:59.675Z,-3.3876,12.3666,232.9632,0.0526,-0.2731,8.4779,16.4651,230.6523,0.0703,0.5149,12.5015,17.3979,233.8207,0.0714,0.7188
2013-12-16T02:44:59.796Z,-3.4739,12.5632,233.9935,0.0529,-0.276,8.6212,16.5569,230.6004,0.0704,0.5207,12.4797,17.3563,233.2903,0.0712,0.7193
2013-12-16T02:45:59.962Z,-3.5245,12.6,234.1605,0.0526,-0.2794,8.7432,16.6031,230.8441,0.0705,0.5266,12.5379,17.3556,233.9689,0.0711,0.7223
2013-12-16T02:46:59.057Z,-3.1505,11.9997,233.9286,0.0508,-0.2612,8.7138,16.6199,231.487,0.0707,0.5243,12.519,17.3815,233.8523,0.0713,0.7205
2013-12-16T02:47:59.134Z,-2.5224,11.0138,233.7661,0.0479,-0.2279,8.8445,16.95,232.5627,0.0713,0.5218,12.5924,17.4303,234.4373,0.0712,0.7227
2013-12-16T02:48:59.318Z,-2.5384,11.0369,233.8073,0.0481,-0.2288,8.8408,16.8911,233.1534,0.0706,0.5234,12.5564,17.3922,234.4428,0.0707,0.722
2013-12-16T02:49:59.375Z,-2.5401,10.9553,233.7164,0.0471,-0.231,8.8084,16.8615,232.2661,0.0713,0.5224,12.5417,17.4314,234.0084,0.0712,0.7198
2013-12-16T02:50:59.458Z,-2.5286,11.0133,233.9511,0.0476,-0.2291,8.9975,17.0246,231.2089,0.0728,0.5285,12.5103,17.3573,234.1177,0.0706,0.7204
2013-12-16T02:51:59.554Z,-2.7768,11.3369,234.6621,0.0485,-0.2428,8.9342,16.7559,230.4232,0.0706,0.5332,12.5747,17.3802,234.0471,0.071,0.7238
2013-12-16T02:52:59.598Z,-3.4822,12.5422,235.0248,0.0528,-0.2777,8.7971,16.589,230.365,0.0706,0.5303,12.5548,17.3481,234.1432,0.071,0.7241
2013-12-16T02:53:59.640Z,-3.4464,12.4351,234.3447,0.0522,-0.2764,8.8272,16.6898,230.5261,0.071,0.5289,12.5298,17.405,234.2323,0.0715,0.7205
2013-12-16T02:54:59.798Z,-3.4996,12.4073,234.0252,0.0522,-0.2818,8.6893,16.6654,231.09,0.0709,0.5214,12.4406,17.2922,233.3012,0.0709,0.7191
2013-12-16T02:55:59.882Z,-3.4482,12.4546,234.1569,0.0524,-0.2759,8.6109,16.5753,231.389,0.0706,0.5195,12.5285,17.3013,233.7147,0.0706,0.724
2013-12-16T02:56:59.970Z,-3.5905,12.5265,234.055,0.0528,-0.2865,8.6953,16.6897,231.8645,0.0705,0.521,12.4978,17.3032,233.8585,0.0704,0.7219
2013-12-16T02:57:59.117Z,-3.6008,12.4853,233.8063,0.053,-0.2879,8.6735,16.754,232.137,0.0708,0.5177,12.527,17.3677,234.0048,0.0708,0.721
2013-12-16T02:58:59.237Z,-3.5881,12.4467,233.1256,0.0527,-0.2874,8.5719,16.638,232.293,0.0705,0.5152,12.4882,17.3944,234.4409,0.071,0.7185
2013-12-16T02:59:59.324Z,-3.3294,12.1927,231.0183,0.0518,-0.2727,8.2631,16.546,232.5095,0.0703,0.4994,12.5227,17.4714,234.9424,0.0711,0.717
2013-12-16T03:00:59.446Z,-3.4204,12.3353,233.6911,0.0518,-0.2759,8.5840,16.5364,231.2839,0.0705,0.5191,12.492,17.342,233.8977,0.0707,0.7202
