2013-11-30T17:31:59.480Z,1579.664,2450.252,245.78,7.944,0.216,372.2836,2449.234,199.718,7.932,0.152,1623.934,2450.474,198.41,7.956,0.31
2013-11-30T17:32:59.600Z,-117.9383,131.4252,226.0886,0.5884,-0.4714,2.5068,175.2986,227.2094,0.7776,0.0143,104.782,146.2471,225.8929,0.6472,0.6689
2013-11-30T17:33:59.700Z,-1237.5539,1291.4502,226.5237,5.7009,-0.9583,-232.6795,1279.8651,225.1865,5.6829,-0.1818,926.8842,1277.3259,223.4416,5.7166,0.7263
2013-11-30T17:34:59.769Z,-1233.0554,1284.6559,226.6749,5.6672,-0.96,-239.9189,1270.7569,224.8359,5.6522,-0.1888,915.4983,1273.139,223.9871,5.6838,0.7189
2013-11-30T17:35:59.876Z,-1231.2634,1283.4905,227.0298,5.6533,-0.9598,-247.0757,1268.3557,224.981,5.6384,-0.1948,916.2634,1277.0071,225.1875,5.671,0.7173
2013-11-30T17:36:59.089Z,-1243.5055,1296.976,226.6246,5.7226,-0.9592,319.4376,1202.2491,224.5898,5.3548,0.2657,928.3626,1290.646,224.7923,5.7413,0.7191
2013-11-30T17:37:59.234Z,-563.5372,1137.3734,226.0938,5.0306,-0.5032,1704.8020,1853.0456,223.4066,8.2941,0.92,867.5352,1184.0808,223.4819,5.2992,0.7478
2013-11-30T17:38:59.339Z,1004.0814,1377.2682,225.2676,6.117,0.4731,1216.7742,1711.8376,223.7375,7.6508,0.7108,935.5666,1263.3013,222.9659,5.6662,0.7404
2013-11-30T17:39:59.531Z,-5.6303,16.7931,225.5274,0.0747,-0.3361,-366.3454,1127.5637,223.0626,5.0541,-0.3249,944.0576,1273.6131,223.037,5.7102,0.7417
2013-11-30T17:40:59.724Z,-6.848,321.4534,224.932,1.4273,-0.2345,1639.4492,1829.5382,221.4079,8.2637,0.8961,673.8478,1053.9914,222.8707,4.7292,0.6205
2013-11-30T17:41:59.870Z,156.258,1233.649,224.2943,5.5012,0.0981,1644.8914,1831.7276,222.0072,8.2513,0.898,960.1798,1283.1903,222.7678,5.7603,0.748
2013-11-30T17:42:59.045Z,527.5595,1044.1677,225.2244,4.6349,0.3723,1667.7005,1850.1226,222.8153,8.3034,0.9014,741.0313,953.5113,222.4097,4.2887,0.7019
2013-11-30T17:43:59.238Z,1216.7902,1271.2787,226.5643,5.6115,0.958,418.5246,1235.6794,222.8424,5.5449,0.3387,1127.1322,1225.2547,222.1343,5.5151,0.8635
2013-11-30T17:44:59.383Z,730.6537,1104.7038,227.1272,4.866,0.5705,1.5622,16.1217,222.6069,0.0719,0.0969,657.3649,714.1294,222.8905,3.206,0.7749
2013-11-30T17:45:59.541Z,1127.0665,1178.5173,227.6886,5.1752,0.8687,8.8742,98.4927,223.4003,0.4415,0.0901,335.6351,672.4353,223.2117,3.0109,0.6068
2013-11-30T17:46:59.653Z,1279.8494,1334.7116,227.5434,5.8649,0.959,-53.7570,884.1615,221.999,3.9834,-0.0608,1277.0702,1348.0737,226.6806,5.9472,0.947
2013-11-30T17:48:59.166Z,1317.4971,1369.5992,229.133,5.977,0.9615,1113.9937,1655.2655,221.7447,7.4654,0.673,1289.8116,1350.3113,227.9476,5.9236,0.9542
2013-11-30T17:49:59.268Z,1331.124,1383.1173,229.3254,6.0311,0.962,1693.8177,1877.6385,221.9772,8.4592,0.9021,1302.4824,1355.7347,228.6403,5.9297,0.9603
2013-11-30T17:50:59.346Z,1319.5035,1370.7361,229.6398,5.9695,0.9625,1711.1874,1885.6059,221.9161,8.4975,0.9075,1310.8291,1367.1753,229.0633,5.9682,0.9596
2013-11-30T17:53:59.887Z,4008.5708,1596.9578,230.3903,6.5858,0.95,1991.8652,2162.4853,227.4469,9.1758,0.9211,1569.5997,1700.5322,229.6797,7.0475,0.9439
2013-11-30T17:54:59.992Z,1242.3244,1292.6104,228.1228,5.6663,0.9605,1757.0813,1906.9691,225.2399,8.4668,0.9214,1308.4312,1386.2837,225.6842,6.1422,0.944
2013-11-30T17:55:59.099Z,1253.8665,1316.1942,226.1003,5.8216,0.9524,1724.1987,1873.5181,225.2676,8.3168,0.9203,1343.4291,1409.671,228.0434,6.181,0.9536
2013-11-30T17:56:59.185Z,1238.5767,1314.1266,224.3479,5.8578,0.9427,1705.8768,1847.7868,225.3265,8.2005,0.9232,1372.7875,1436.4053,228.5075,6.2857,0.9564
2013-11-30T17:57:59.299Z,1231.6,1313.3274,224.2043,5.8572,0.9386,1700.2135,1837.4727,225.4133,8.1513,0.9253,1388.9768,1451.861,228.424,6.3565,0.9586
2013-11-30T17:58:59.520Z,1258.8434,1338.4791,224.7186,5.9563,0.9409,1688.6457,1834.4875,224.4649,8.1729,0.9205,1387.4634,1442.8077,229.8811,6.276,0.9614
2013-11-30T17:59:59.565Z,1257.5702,1344.2109,223.9449,6.0017,0.9352,1682.7364,1825.4897,224.8542,8.118,0.9218,1406.7153,1460.6966,230.1706,6.3461,0.9625
2013-11-30T18:00:59.674Z,1250.9285,1341.6223,224.0935,5.9868,0.9321,1685.1576,1824.5535,224.746,8.1185,0.9236,1419.5305,1474.9383,230.1068,6.4097,0.9604
2013-11-30T18:01:59.741Z,1274.3013,1360.1324,225.6573,6.0276,0.9367,1688.5544,1835.1857,224.3661,8.1792,0.9201,1412.2017,1465.9029,229.9535,6.3747,0.9638
2013-11-30T18:02:59.893Z,1285.4276,1358.5126,227.1534,5.9802,0.9462,1734.1282,1880.4253,225.2632,8.3473,0.9222,1401.2411,1460.7766,230.2655,6.3439,0.959
2013-11-30T18:03:59.996Z,1297.2656,1368.15,228.0315,5.9998,0.9488,1733.2655,1884.8037,224.9637,8.3784,0.9196,1393.3248,1453.3278,229.7113,6.3269,0.9589
2013-11-30T18:04:59.153Z,1309.7656,1377.0725,228.1311,6.0364,0.9501,1730.9541,1893.4085,224.8962,8.419,0.9142,1376.7833,1436.9952,229.203,6.2698,0.9598
2013-11-30T18:05:59.301Z,1310.3921,1382.6632,226.9088,6.0936,0.9478,1715.8591,1881.2182,224.6703,8.3737,0.9121,1378.3642,1438.0214,229.2062,6.2742,0.9599
2013-11-30T18:06:59.350Z,1302.1284,1374.8192,227.4616,6.0435,0.9476,1732.0846,1893.4025,224.7015,8.426,0.9148,1383.7275,1447.2397,228.8247,6.3251,0.9566
2013-11-30T18:07:59.410Z,1300.4768,1377.9751,227.7492,6.0505,0.9438,1729.4172,1886.3626,224.7906,8.3922,0.9168,1399.6227,1461.006,228.901,6.3831,0.9594
2013-11-30T18:08:59.590Z,1305.2785,1384.6576,227.9946,6.073,0.9426,1726.5884,1884.3047,225.313,8.3636,0.9163,1411.6729,1471.6989,229.0658,6.4245,0.9596
2013-11-30T18:09:59.709Z,1319.0367,1396.132,228.2887,6.1151,0.9444,1727.1092,1888.3766,224.9932,8.3931,0.9146,1409.8212,1468.4099,229.8869,6.3878,0.9592
2013-11-30T18:10:59.803Z,1328.1284,1403.7385,227.8897,6.1596,0.947,1724.1484,1894.2522,224.8813,8.4236,0.9102,1403.5849,1461.9688,230.3253,6.3475,0.9605
2013-11-30T18:11:59.002Z,1330.1782,1402.3652,228.5204,6.1364,0.949,1741.7978,1910.2849,225.2114,8.4821,0.9118,1401.1944,1462.6423,230.1978,6.3537,0.9593
2013-11-30T18:12:59.160Z,1317.68,1390.1083,228.9645,6.0717,0.9483,1768.4975,1924.3716,226.063,8.5122,0.919,1412.8804,1478.8556,229.7459,6.4366,0.9554
2013-11-30T18:13:59.330Z,1297.6993,1372.9272,228.1051,6.0191,0.944,1775.4532,1929.421,226.957,8.5014,0.9202,1419.8846,1492.0346,229.2523,6.5079,0.9514
2013-11-30T18:14:59.594Z,1328.1776,1395.2158,229.5877,6.0773,0.9519,1792.0025,1947.8288,227.1191,8.577,0.92,1418.4513,1487.4756,230.4413,6.4552,0.953
2013-11-30T18:15:59.704Z,1352.0631,1416.5274,230.926,6.1344,0.9546,1786.0860,1946.2635,226.2,8.6041,0.9177,1413.1146,1476.4868,230.4995,6.4054,0.958
2013-11-30T18:16:59.932Z,1347.08,1413.3162,230.7418,6.1254,0.9539,1776.7225,1943.4724,226.0058,8.5993,0.9142,1407.4762,1472.8909,229.7383,6.4111,0.9565
2013-11-30T18:17:59.048Z,1350.6699,1424.3173,230.3246,6.1842,0.9477,1756.8364,1927.8354,225.2981,8.5565,0.9113,1418.5943,1484.2175,229.7215,6.4609,0.9558
2013-11-30T18:18:59.187Z,1315.3156,1400.0046,228.9985,6.1132,0.9399,1750.3177,1910.4101,224.9724,8.4915,0.9162,1436.2363,1502.5259,229.2781,6.5535,0.9561
2013-11-30T18:19:59.491Z,1298.9918,1383.7298,228.4288,6.0572,0.9386,1770.4409,1922.7203,226.2128,8.4997,0.9208,1444.773,1516.9409,229.1593,6.6197,0.9521
2013-11-30T18:20:59.618Z,1313.4028,1405.4074,228.0746,6.1614,0.9354,1752.5291,1904.9229,225.9801,8.4299,0.92,1463.6799,1527.5966,230.3463,6.6315,0.9594
2013-11-30T18:21:59.844Z,1329.8105,1426.4166,227.828,6.2611,0.9331,1736.7708,1889.6429,225.9449,8.3633,0.9191,1475.2994,1530.9026,231.2786,6.6199,0.9629
2013-11-30T18:22:59.040Z,1365.8385,1456.6429,228.7535,6.3675,0.9384,1724.1842,1897.8362,224.7657,8.4434,0.9085,1456.3942,1508.5492,231.741,6.5103,0.9657
2013-11-30T18:23:59.236Z,1365.0788,1445.5089,228.9497,6.3138,0.944,1757.8856,1932.3795,224.9628,8.5899,0.9097,1434.9296,1496.6726,231.4673,6.4665,0.9598
2013-11-30T18:24:59.508Z,1377.4065,1456.1319,228.8387,6.3626,0.9468,1744.4485,1926.2903,224.1006,8.5957,0.9056,1419.9354,1479.1813,231.4765,6.3901,0.96
2013-11-30T18:25:59.751Z,1402.9897,1483.7638,229.3835,6.4685,0.9463,1734.9780,1927.7533,224.0891,8.6029,0.9,1425.1271,1479.9598,231.4855,6.3928,0.9616
2013-11-30T18:26:59.804Z,1389.8307,1473.2986,229.8065,6.4109,0.942,1754.7224,1939.7771,224.8891,8.6252,0.9046,1444.5007,1504.6276,231.0902,6.511,0.9599
2013-11-30T18:27:59.929Z,1370.0303,1451.4227,229.7347,6.3183,0.9437,1780.6341,1957.3861,225.5749,8.6769,0.9097,1442.3877,1511.1994,230.3144,6.561,0.9546
2013-11-30T18:28:59.028Z,1338.5433,1435.6525,227.5523,6.3089,0.9323,1763.6513,1931.0756,225.9029,8.5486,0.9133,1468.2313,1538.1012,230.0192,6.6868,0.9543
2013-11-30T18:29:59.197Z,1337.1226,1441.7418,226.5808,6.3626,0.926,1749.7832,1917.7808,226.0434,8.484,0.9124,1483.2373,1549.7213,230.4245,6.7255,0.9582
2013-11-30T18:30:59.374Z,1341.6643,1445.1554,226.1641,6.3905,0.9276,1743.4501,1916.0898,225.6182,8.4925,0.9099,1468.4617,1535.5988,229.919,6.6788,0.9571
2013-11-30T18:38:59.025Z,1456.2852,1626.3832,229.6644,6.8933,0.9327,1830.3376,2051.718,223.1121,8.873,0.8921,1572.1821,1666.3226,228.9874,6.9785,0.9421
2013-11-30T18:51:59.690Z,1416.8814,1541.2098,223.9304,24.0382,19.3598,1861.3023,2068.3435,224.8486,8.9562,0.8999,1549.3055,1661.227,227.9145,7.0618,0.9299
2013-11-30T18:52:59.960Z,1335.526,1433.6457,225.8939,6.3462,0.931,1814.5514,1981.1676,226.9087,8.7309,0.9159,1471.977,1559.2795,229.6713,6.7897,0.9435
2013-11-30T18:53:59.275Z,1322.9713,1419.9675,226.0984,6.2801,0.9304,1837.5025,1998.1541,227.2546,8.7925,0.9196,1470.8235,1566.2287,228.8713,6.8433,0.9399
2013-11-30T18:54:59.383Z,1357.8565,1454.3794,226.5589,6.4196,0.9329,1802.4017,1975.8843,225.2585,8.7714,0.9122,1471.8918,1552.1654,231.3851,6.7084,0.9486
2013-11-30T18:55:59.467Z,1404.7493,1494.8413,226.4628,6.6008,0.941,1773.2087,1975.0598,222.4152,8.8799,0.8978,1432.1571,1508.0105,232.2666,6.4923,0.9486
2013-11-30T18:56:59.683Z,1400.8956,1481.8251,227.8501,6.5035,0.9462,1821.0977,2017.6132,224.7225,8.978,0.9026,1432.5303,1518.3289,231.2434,6.5665,0.9427
2013-11-30T18:57:59.049Z,1380.7567,1470.2495,227.4152,6.4652,0.9395,1821.3064,2007.8342,225.1374,8.9182,0.9071,1453.7654,1542.2746,230.6721,6.686,0.9411
2013-11-30T18:58:59.363Z,1338.6018,1451.4696,224.1547,6.4755,0.9217,1779.9742,1954.7268,224.8308,8.6947,0.9106,1487.2434,1570.5155,230.8484,6.8031,0.9482
2013-11-30T18:59:59.480Z,1340.2062,1459.9265,223.6945,6.5267,0.9184,1770.2669,1945.7759,223.8885,8.6905,0.9098,1492.6486,1576.552,230.8099,6.8304,0.9475
2013-11-30T19:00:59.588Z,1348.1243,1462.4433,224.3899,6.517,0.9209,1780.2116,1956.2765,224.6569,8.7076,0.91,1493.7578,1575.848,230.9052,6.824,0.9492
2013-11-30T19:01:59.864Z,1374.1968,1482.5722,225.0409,6.5885,0.9278,1779.2927,1963.8992,224.2872,8.7559,0.906,1484.7523,1563.2951,231.1738,6.7624,0.9498
2013-11-30T19:02:59.090Z,1388.0296,1490.9423,225.8109,6.6025,0.9303,1784.6455,1978.3234,224.2062,8.8235,0.9021,1474.8205,1560.9285,230.6452,6.768,0.9469
2013-11-30T19:03:59.283Z,1402.1657,1509.0717,225.6488,6.6874,0.9299,1774.1654,1971.0759,224.0155,8.7991,0.9001,1499.3054,1600.6572,232.0894,6.8974,0.9468
2013-11-30T19:04:59.556Z,1389.2616,1505.6921,224.6226,6.704,0.9241,1768.6779,1958.2351,224.5873,8.7195,0.9032,1509.661,1581.8957,232.7222,6.7974,0.9535
2013-11-30T19:05:59.765Z,1378.7449,1517.8442,222.1431,6.8328,0.9099,1729.5774,1912.8261,225.1831,8.4947,0.9042,1554.6404,1616.6024,233.9595,6.9102,0.9605
2013-11-30T19:06:59.052Z,1383.5074,1522.4651,222.4938,6.843,0.9091,1737.0060,1916.3791,225.5504,8.4966,0.9064,1563.5189,1624.9144,234.379,6.9331,0.9602
2013-11-30T19:07:59.570Z,1381.0488,1516.272,222.8018,6.8052,0.9101,1751.0671,1924.8841,225.5347,8.5347,0.9097,1558.908,1622.3975,234.4469,6.9197,0.9602
2013-11-30T19:08:59.891Z,1379.0882,1510.1339,223.5076,6.7567,0.9128,1770.9362,1943.0944,226.4223,8.5813,0.9114,1563.3037,1630.5369,234.3109,6.9588,0.9591
2013-11-30T19:09:59.169Z,1362.1993,1496.0965,222.8669,6.7127,0.9108,1784.6097,1943.8075,227.4455,8.546,0.9181,1577.628,1646.2634,234.7202,7.0135,0.9586
2013-11-30T19:10:59.390Z,1382.9525,1511.5823,223.8914,6.752,0.9152,1788.6490,1956.3043,227.5089,8.5994,0.9143,1573.5392,1639.8212,234.9604,6.979,0.959
2013-11-30T19:11:59.525Z,1386.168,1508.6593,224.7973,6.7117,0.9195,1788.7635,1965.8902,226.0967,8.6953,0.9099,1543.4821,1615.5689,233.5349,6.9175,0.9557
2013-11-30T19:12:59.789Z,1378.2985,1501.0297,224.6956,6.6808,0.9181,1786.5961,1963.2924,225.4474,8.7084,0.91,1537.7155,1612.4871,233.3075,6.9114,0.9535
2013-11-30T19:13:59.879Z,1400.5798,1513.2664,225.5267,6.7101,0.9254,1795.4049,1982.9963,225.1076,8.8092,0.9054,1515.1961,1591.7548,233.2892,6.8234,0.9512
2013-11-30T19:14:59.234Z,1387.0321,1496.6718,225.8062,6.6283,0.9264,1799.0499,1987.6808,224.0474,8.8721,0.9051,1499.6751,1581.8421,232.8728,6.7925,0.9477
2013-11-30T19:15:59.285Z,1373.7817,1490.521,225.1702,6.6201,0.9207,1803.6410,1980.9347,224.456,8.8261,0.9105,1518.261,1601.0492,232.9187,6.8741,0.9482
2013-11-30T19:16:59.480Z,1365.9595,1488.8749,224.3377,6.637,0.9176,1804.8564,1975.7596,226.866,8.7087,0.9135,1543.841,1623.9704,232.7504,6.9771,0.9497
2013-11-30T19:23:59.144Z,1323.5642,1454.9193,235.9177,199.0325,8.8643,10578.5124,1893.4155,364.3517,182.2681,5.587,1473.5126,1558.977,366.8594,182.3345,5.6919
2013-11-30T19:24:59.270Z,1347.7308,1477.5272,223.0048,6.6255,0.9117,1796.1488,1973.573,226.1672,8.7269,0.9101,1531.6149,1619.3799,230.9763,7.0116,0.946
2013-11-30T19:25:59.408Z,1348.0576,1485.1754,222.2575,6.6819,0.9076,1786.1624,1960.0158,226.4563,8.6553,0.9113,1549.0524,1630.8157,231.8028,7.0347,0.9499
2013-11-30T19:26:59.721Z,1339.439,1479.2923,222.2034,6.6583,0.9052,1790.3789,1960.3404,227.0412,8.6345,0.9133,1558.6347,1641.6484,231.7136,7.0848,0.9487
2013-11-30T19:27:59.866Z,1343.8913,1480.1515,222.5519,6.6512,0.9076,1799.1672,1969.5317,227.1767,8.6697,0.9135,1556.753,1641.9545,231.6852,7.0872,0.9489
2013-11-30T19:28:59.050Z,1359.7532,1487.8862,223.5673,6.6551,0.9136,1800.4929,1978.1289,226.4821,8.7347,0.9102,1541.6014,1626.2771,232.0591,7.0082,0.9492
2013-11-30T19:29:59.249Z,1378.1699,1499.663,223.9809,6.6951,0.918,1788.8870,1979.0762,225.1916,8.7883,0.9039,1514.14,1596.8094,231.6546,6.8931,0.9498
2013-11-30T19:30:59.459Z,1407.1468,1531.668,224.7043,6.8162,0.9182,1754.8906,1955.5277,223.9798,8.7308,0.8974,1519.1148,1589.1397,232.4827,6.836,0.9553
2013-11-30T19:31:59.729Z,1431.6142,1541.8481,227.6199,6.7744,0.9277,1777.4445,1984.8627,223.1823,8.8942,0.8955,1499.8759,1572.7963,232.2497,6.7723,0.9533
2013-11-30T19:32:59.899Z,1412.2904,1518.0888,227.4391,6.6748,0.9295,1798.7595,1998.1776,223.2915,8.949,0.9002,1486.6398,1568.5641,231.5703,6.7737,0.9492
2013-11-30T19:33:59.044Z,1435.463,1541.9681,226.9182,6.7958,0.9312,1774.2967,1984.4499,222.34,8.9254,0.8941,1483.2225,1556.2393,233.2176,6.6733,0.9534
2013-11-30T19:34:59.344Z,1446.7701,1553.0339,226.4786,6.8576,0.9301,1760.9049,1979.657,221.4004,8.9414,0.8895,1470.6932,1540.7241,233.4734,6.599,0.9545
2013-11-30T19:35:59.678Z,1441.4205,1540.8948,228.2657,6.7512,0.9358,1800.3435,2009.3119,223.65,8.9846,0.896,1485.2755,1560.7105,232.8376,6.7033,0.9519
2013-11-30T19:36:59.791Z,1412.9345,1524.6687,226.1696,6.7412,0.9271,1794.3135,1989.9229,225.5673,8.8223,0.9017,1516.5306,1591.4061,232.6935,6.8394,0.9528
2013-11-30T19:37:59.948Z,1400.1777,1509.5282,226.6568,6.66,0.9265,1811.3788,2004.181,225.609,8.8835,0.9038,1507.0675,1590.03,231.457,6.8693,0.9478
2013-11-30T19:38:59.080Z,1422.9743,1528.1865,227.5835,6.7143,0.9307,1812.9854,2012.1924,225.491,8.9234,0.901,1502.9315,1582.236,231.717,6.8278,0.9504
2013-11-30T19:39:59.236Z,1433.9906,1535.0626,227.8467,6.7372,0.9352,1811.6661,2018.5695,225.2547,8.9615,0.8975,1485.8574,1565.3327,231.1327,6.7722,0.9498
2013-11-30T19:40:59.350Z,1450.1736,1542.4793,229.2916,6.7276,0.9393,1817.1859,2038.8039,224.5187,9.0804,0.8913,1466.3159,1548.4822,230.6789,6.7129,0.947
2013-11-30T19:41:59.699Z,1450.2324,1542.7825,229.3485,6.7268,0.9395,1813.4332,2034.3653,224.1719,9.0751,0.8914,1464.6473,1547.4639,230.7156,6.7072,0.9471
2013-11-30T19:42:59.840Z,1455.7824,1535.6333,230.6457,6.6589,0.9486,1847.5602,2067.3159,224.6667,9.2019,0.8937,1443.513,1533.45,230.4288,6.6554,0.9404
2013-11-30T19:43:59.923Z,1473.1616,1555.7517,230.5029,6.7491,0.9479,1827.7159,2052.6908,223.9661,9.1649,0.8904,1445.9825,1528.1971,231.3065,6.6073,0.9468
2013-11-30T19:44:59.167Z,1464.6668,1552.0471,230.152,6.7433,0.9431,1818.1287,2040.5485,224.2829,9.098,0.891,1460.4377,1540.7529,231.3035,6.6613,0.9482
2013-11-30T19:45:59.268Z,1430.0946,1527.4102,229.1085,6.6666,0.9367,1832.5294,2034.7873,225.5582,9.0208,0.9006,1492.1754,1576.3445,231.2391,6.817,0.9466
2013-11-30T19:46:59.414Z,1423.324,1520.783,228.8785,6.6449,0.9373,1836.5442,2038.3399,226.2064,9.011,0.901,1491.3238,1577.7835,230.864,6.8346,0.9447
2013-11-30T19:47:59.641Z,1376.5689,1474.8224,227.942,6.4698,0.9331,1873.5321,2059.5054,227.543,9.0512,0.9097,1488.1965,1593.8738,228.7465,6.9684,0.9338
2013-11-30T19:48:59.781Z,1395.6605,1488.5261,228.6285,6.5104,0.9379,1876.6852,2063.879,227.2651,9.0814,0.9093,1481.7162,1583.2468,229.4082,6.9018,0.9358
2013-11-30T19:49:59.041Z,1403.948,1496.2674,228.7311,6.5416,0.9385,1876.1430,2065.7818,226.949,9.1027,0.9082,1482.7271,1582.7365,229.9162,6.8842,0.937
2013-11-30T19:50:59.171Z,1391.6659,1492.1229,228.7953,6.5217,0.9327,1876.0833,2059.1409,227.5107,9.051,0.9111,1513.7829,1612.2002,230.3543,6.9985,0.9396
2013-11-30T19:51:59.354Z,1395.7984,1491.3197,229.2778,6.5043,0.9363,1885.0547,2069.6692,227.2935,9.1054,0.9108,1502.8152,1602.8557,230.2458,6.9612,0.9384
2013-11-30T19:52:59.660Z,1419.2368,1508.7625,229.5238,6.5731,0.94,1875.9681,2073.122,226.1777,9.1658,0.9049,1478.4057,1575.4319,230.4883,6.8346,0.9388
2013-11-30T19:53:59.776Z,1408.4928,1505.0043,228.4642,6.5874,0.9367,1858.5107,2055.1926,226.2146,9.0851,0.9043,1484.3953,1581.8393,229.8388,6.8826,0.9388
2013-11-30T19:54:59.068Z,1418.9032,1517.0532,227.8858,6.6571,0.9359,1847.7941,2054.7027,225.6578,9.1055,0.8993,1476.8277,1573.282,229.726,6.8487,0.9385
2013-11-30T19:55:59.276Z,1397.127,1508.6288,226.4247,6.6635,0.9276,1845.0247,2035.1034,226.6754,8.9782,0.9066,1516.4538,1610.1314,230.6044,6.982,0.9416
2013-11-30T19:56:59.532Z,1400.4022,1517.2887,226.2143,6.7073,0.9229,1845.0164,2027.4906,227.5631,8.9097,0.91,1543.8868,1630.4001,231.9081,7.0299,0.9469
2013-11-30T19:57:59.751Z,1425.043,1532.5884,227.9908,6.7225,0.9288,1858.9632,2044.8391,227.8002,8.977,0.9091,1544.9523,1628.2782,232.974,6.9893,0.9489
2013-11-30T19:58:59.045Z,1432.6018,1523.1746,229.9946,6.623,0.9407,1898.1068,2086.5195,227.9865,9.1521,0.9097,1507.2953,1600.5467,231.3434,6.9181,0.9414
2013-11-30T19:59:59.159Z,1410.311,1511.2951,229.67,6.5808,0.9329,1899.6986,2073.6804,228.829,9.0624,0.9161,1545.7455,1637.5963,231.8488,7.0628,0.9438
2013-11-30T20:00:59.252Z,1355.2575,1475.8112,226.6349,6.5125,0.9182,1870.9818,2038.1065,227.051,8.9761,0.918,1550.7654,1651.7336,230.4289,7.1676,0.9376
2013-11-30T20:01:59.353Z,1339.6881,1472.0098,223.6141,6.5835,0.9102,1820.9998,2004.182,224.6234,8.9224,0.9086,1516.8458,1622.3308,228.1816,7.1098,0.9344
2013-11-30T20:02:59.464Z,1376.3349,1500.4977,224.9016,6.672,0.9172,1806.8967,2006.1027,223.6739,8.9686,0.9007,1502.7861,1599.4185,229.0647,6.9823,0.9399
2013-11-30T20:03:59.613Z,1390.2622,1508.1459,225.7655,6.68,0.9224,1810.7896,2016.0205,223.0083,9.0397,0.8982,1487.2327,1584.4264,228.7696,6.9257,0.938
2013-11-30T20:04:59.908Z,1380.3531,1502.0981,225.0313,6.6752,0.9183,1807.4486,2013.8703,222.5844,9.0477,0.8975,1482.494,1584.6553,227.7689,6.9571,0.9353
2013-11-30T20:05:59.016Z,1379.2059,1503.7358,224.8411,6.6887,0.9171,1809.6158,2011.1311,223.1924,9.0112,0.8998,1496.1593,1595.099,228.3901,6.984,0.9369
2013-11-30T20:06:59.131Z,1383.4792,1502.463,225.4604,6.6639,0.9192,1819.4120,2021.7935,223.7322,9.0367,0.8999,1487.0207,1588.9946,227.9334,6.9712,0.935
2013-11-30T20:07:59.472Z,1401.6933,1517.2897,226.4581,6.7003,0.9252,1820.9008,2026.3752,224.1695,9.039,0.8986,1492.5051,1588.8929,228.7516,6.9457,0.9402
2013-11-30T20:08:59.700Z,1394.3534,1513.0472,225.4666,6.7108,0.9217,1815.5464,2024.4719,223.7209,9.0497,0.8968,1485.7524,1585.7581,228.2202,6.948,0.937
2013-11-30T20:09:59.836Z,1405.8332,1525.0978,225.0241,6.7776,0.9225,1793.7425,2015.2146,222.8686,9.0418,0.8901,1472.8758,1569.1637,228.0007,6.8824,0.9396
2013-11-30T20:10:59.039Z,1399.0779,1514.4148,225.211,6.7246,0.9246,1810.2063,2029.6068,222.9455,9.1035,0.8919,1469.3631,1572.7687,228.141,6.8936,0.9337
2013-11-30T20:11:59.208Z,1400.2031,1514.747,225.4675,6.7183,0.9252,1811.8735,2031.4761,223.2283,9.1006,0.8919,1471.7004,1574.3515,228.2372,6.8975,0.9351
2013-11-30T20:12:59.350Z,1398.8224,1515.8328,225.6676,6.7174,0.9229,1823.9557,2031.8098,224.3884,9.0549,0.8977,1489.05,1590.273,228.5361,6.9582,0.9362
2013-11-30T20:13:59.562Z,1382.3817,1508.0785,225.1827,6.6975,0.9162,1812.2114,2014.4635,224.0342,8.9919,0.8996,1501.449,1600.2971,228.3214,7.0094,0.9388
2013-11-30T20:14:59.660Z,1389.38,1514.6141,225.4396,6.7189,0.9168,1816.0702,2019.651,223.958,9.0176,0.8992,1503.6057,1603.0867,228.4265,7.0176,0.9377
2013-11-30T20:15:59.924Z,1412.2737,1536.2004,226.0676,6.7957,0.9186,1799.7672,2013.1624,224.0228,8.9869,0.894,1509.7901,1599.28,229.1638,6.9789,0.9438
2013-11-30T20:16:59.047Z,1425.4867,1541.9386,226.2726,6.8147,0.9238,1808.4243,2027.6088,224.2671,9.0411,0.8919,1498.0077,1588.4066,229.7958,6.9121,0.9434
2013-11-30T20:17:59.249Z,1425.086,1542.3446,226.5192,6.809,0.9252,1807.5952,2028.7264,223.6993,9.0689,0.891,1495.022,1587.4751,229.3003,6.9228,0.9414
2013-11-30T20:18:59.468Z,1413.4274,1547.3053,224.7048,6.886,0.914,1774.4558,1992.4273,223.3376,8.9216,0.8906,1520.5682,1606.7046,229.9337,6.9873,0.9473
2013-11-30T20:19:59.595Z,1438.0795,1564.6524,226.1289,6.9198,0.9196,1756.4270,1991.8655,220.638,9.028,0.8818,1486.3797,1570.706,229.2925,6.8499,0.9457
2013-11-30T20:20:59.724Z,1421.1754,1547.0303,225.8786,6.8487,0.918,1786.2852,2007.062,222.9218,9.0039,0.89,1502.6818,1591.6064,229.2484,6.9423,0.9432
2013-11-30T20:21:59.971Z,1425.7452,1545.8174,226.6599,6.8208,0.9227,1799.6690,2022.1,223.1834,9.0602,0.89,1495.9914,1587.454,229.0519,6.9306,0.9424
2013-11-30T20:22:59.159Z,1418.301,1540.1384,226.1996,6.8085,0.9203,1797.9961,2019.9934,222.8609,9.0636,0.8901,1493.6849,1587.6289,229.0118,6.9323,0.9412
2013-11-30T20:23:59.291Z,1427.5033,1547.0659,226.0716,6.8437,0.9232,1802.2331,2025.6638,223.3161,9.0713,0.8897,1490.7108,1584.0925,229.2025,6.9109,0.9409
2013-11-30T20:24:59.494Z,1437.38,1556.8725,225.8314,6.8944,0.924,1801.4462,2026.6016,223.908,9.0512,0.8889,1493.5363,1582.9687,229.5989,6.8942,0.9431
2013-11-30T20:25:59.640Z,1439.6517,1556.2967,226.0654,6.885,0.9263,1799.9439,2032.9161,223.5015,9.0955,0.8854,1481.0466,1573.9443,228.8699,6.877,0.9415
2013-11-30T20:26:59.820Z,1449.7251,1565.8763,226.0515,6.9272,0.9267,1784.6168,2027.5128,222.8039,9.0996,0.8802,1471.1944,1561.1914,228.8909,6.8209,0.9417
2013-11-30T20:27:59.937Z,1425.2212,1551.1384,224.9589,6.8951,0.9177,1784.5022,2014.3382,223.0751,9.0299,0.8859,1491.9239,1584.0381,228.9687,6.9186,0.9415
2013-11-30T20:28:59.088Z,1423.1299,1544.6923,225.5945,6.8475,0.9209,1801.5451,2028.767,222.9451,9.1002,0.888,1481.6922,1580.301,228.1586,6.9258,0.9378
2013-11-30T20:29:59.391Z,1444.0925,1557.0203,226.3551,6.8791,0.9284,1801.7037,2041.822,222.6249,9.1717,0.8824,1461.7925,1558.8978,228.2695,6.8289,0.9388
2013-11-30T20:30:59.607Z,1456.1322,1564.2878,226.4874,6.9071,0.9304,1802.5782,2048.85,222.5399,9.2069,0.8798,1450.6899,1548.6245,228.0929,6.7894,0.937
2013-11-30T20:31:59.701Z,1441.3368,1562.7504,225.7712,6.922,0.9232,1790.2430,2024.017,223.1095,9.0723,0.8845,1491.8861,1582.8045,229.2698,6.904,0.9418
2013-11-30T20:32:59.934Z,1428.2181,1552.852,225.8858,6.8747,0.9201,1799.5109,2024.4245,223.4429,9.0603,0.8889,1502.7019,1595.5224,229.2072,6.9611,0.9414
2013-11-30T20:33:59.160Z,1404.4236,1531.6408,225.4215,6.7948,0.9173,1810.6960,2031.0667,223.8287,9.074,0.8915,1502.0598,1604.2786,227.8536,7.0407,0.9371
2013-11-30T20:34:59.316Z,1406.961,1528.4947,226.5174,6.7476,0.9198,1830.1362,2040.5131,224.2877,9.0977,0.8969,1506.6148,1607.8119,228.2995,7.0425,0.9378
2013-11-30T20:35:59.536Z,1400.7585,1521.2239,226.8371,6.7066,0.9191,1832.6384,2045.3554,223.6773,9.1446,0.896,1497.7787,1604.7335,227.6145,7.0502,0.932
2013-11-30T20:36:59.700Z,1418.1476,1533.453,227.4777,6.7414,0.9259,1829.9911,2052.7102,223.2059,9.1962,0.8915,1489.4912,1594.2957,228.1915,6.9866,0.9342
2013-11-30T20:37:59.870Z,1414.4668,1532.8666,226.9797,6.7535,0.9214,1824.5009,2046.7814,223.2365,9.1685,0.8914,1493.0886,1597.8756,228.333,6.9985,0.934
2013-11-30T20:38:59.091Z,1405.2918,1531.2234,226.1333,6.772,0.9179,1817.7642,2034.8866,223.4008,9.1093,0.8933,1503.9834,1607.312,228.2026,7.0434,0.9354
2013-11-30T20:39:59.278Z,1427.5063,1552.3232,226.7443,6.846,0.919,1804.2555,2029.7621,223.0445,9.1002,0.8889,1502.9546,1597.7908,228.6714,6.9871,0.9405
2013-11-30T20:40:59.682Z,1455.8271,1572.0604,227.0066,6.9247,0.9272,1789.2965,2036.9951,221.5245,9.1961,0.8784,1464.6983,1560.1506,228.1001,6.8394,0.9389
2013-11-30T20:41:59.763Z,1444.0985,1566.8019,226.428,6.9197,0.9213,1786.3979,2028.1538,221.9031,9.1399,0.8808,1483.3634,1577.6223,228.5953,6.9014,0.9401
2013-11-30T20:42:59.948Z,1435.7874,1563.6892,226.4457,6.906,0.9185,1794.9273,2022.6812,222.8812,9.0754,0.8874,1505.1349,1597.7389,228.9282,6.9795,0.9416
2013-11-30T20:43:59.236Z,1450.434,1570.7465,226.7327,6.9276,0.9236,1797.0476,2036.7761,222.737,9.144,0.8823,1484.8446,1578.8362,228.4748,6.9104,0.941
2013-11-30T20:44:59.391Z,1458.3352,1582.3757,226.2162,6.9948,0.92,1768.7072,2016.54,221.7372,9.0939,0.8771,1479.0522,1568.1965,228.3659,6.867,0.9421
2013-11-30T20:45:59.640Z,1450.5869,1578.0452,225.8704,6.9867,0.918,1773.4558,2016.2071,221.6533,9.0955,0.8796,1487.4256,1577.8941,228.6627,6.9002,0.9424
2013-11-30T20:46:59.847Z,1437.3693,1560.2625,225.8429,6.9085,0.9204,1785.4611,2028.4721,221.393,9.1622,0.8802,1478.3727,1576.3921,228.6098,6.8954,0.9391
2013-11-30T20:47:59.088Z,1448.8682,1566.6028,226.3491,6.9213,0.9263,1795.5465,2038.772,221.3268,9.2116,0.8807,1470.3766,1569.5486,228.9874,6.8546,0.9367
2013-11-30T20:48:59.149Z,1446.4416,1566.0963,226.536,6.9134,0.9239,1793.0580,2031.1033,221.3735,9.1748,0.8828,1482.839,1578.8491,229.6984,6.8736,0.9401
2013-11-30T20:49:59.442Z,1435.2317,1562.3818,226.1362,6.9089,0.918,1797.7608,2020.1829,222.7695,9.0682,0.8899,1513.4804,1604.8735,230.243,6.9699,0.9423
2013-11-30T20:50:59.696Z,1431.4951,1553.5753,226.7358,6.8519,0.9209,1811.3896,2035.0406,223.1488,9.1194,0.8901,1506.2232,1601.7366,229.7828,6.9714,0.9409
2013-11-30T20:51:59.944Z,1425.0504,1550.0734,226.5138,6.8434,0.9187,1815.9215,2034.418,223.6552,9.097,0.8926,1518.8346,1614.9895,229.9508,7.0233,0.9403
2013-11-30T20:52:59.295Z,1426.8998,1547.9362,226.8962,6.8227,0.9215,1826.3441,2043.805,223.988,9.1247,0.8936,1514.3639,1611.9986,229.8971,7.0114,0.9404
2013-11-30T20:53:59.534Z,1436.7221,1558.296,227.2309,6.8583,0.9204,1830.5635,2045.3223,224.4352,9.1132,0.895,1526.7816,1620.6646,230.642,7.0272,0.9414
2013-11-30T20:54:59.626Z,1464.5597,1580.4303,227.5876,6.9444,0.9271,1809.9252,2044.6511,223.0905,9.1655,0.8852,1501.9738,1592.2961,230.6254,6.9043,0.9418
2013-11-30T20:55:59.726Z,1447.487,1577.5884,225.3822,7.0002,0.9168,1787.0324,2015.1471,222.8976,9.0408,0.8868,1521.6562,1608.0524,231.3254,6.9512,0.9468
2013-11-30T20:56:59.992Z,1439.1743,1581.2961,223.9601,7.0609,0.9095,1767.4584,1989.261,222.9977,8.9201,0.8885,1539.8796,1620.6162,231.7016,6.9943,0.9502
2013-11-30T20:57:59.147Z,1431.8559,1569.2358,223.7181,7.0143,0.9113,1772.0397,1997.5648,222.679,8.9703,0.8871,1520.8431,1607.4181,231.0423,6.9576,0.9466
2013-11-30T20:58:59.380Z,1434.0149,1566.778,224.2912,6.9857,0.9157,1784.7700,2006.7124,222.916,9.0025,0.8894,1519.1105,1606.2858,231.2385,6.9468,0.9462
2013-11-30T20:59:59.560Z,1460.3934,1581.817,225.8087,7.0052,0.9242,1788.1380,2027.3674,222.8851,9.0962,0.882,1499.8739,1586.1847,231.0422,6.8659,0.9455
2013-11-30T21:00:59.713Z,1464.9953,1590.4362,225.2356,7.0612,0.9208,1780.2357,2017.2643,223.0824,9.0424,0.8825,1510.1539,1592.7637,231.5262,6.8795,0.9484
2013-11-30T21:01:59.932Z,1445.4624,1558.5352,228.6103,6.8175,0.9259,1850.8105,2061.4953,225.5219,9.141,0.8978,1527.6568,1621.2854,230.6161,7.0295,0.9408
2013-11-30T21:02:59.069Z,1417.4436,1539.351,227.6931,6.7607,0.9204,1854.8296,2052.0296,226.2194,9.0711,0.9039,1547.8411,1644.428,230.2708,7.1407,0.9407
2013-11-30T21:03:59.458Z,1422.1329,1543.0595,227.5933,6.7804,0.9216,1846.6441,2051.1431,225.8453,9.0824,0.9003,1539.0187,1635.0198,229.8145,7.1146,0.9409
2013-11-30T21:04:59.660Z,1439.642,1559.7838,227.7086,6.85,0.9228,1838.6769,2046.1572,225.7105,9.0654,0.8986,1540.1324,1630.0972,230.8408,7.0613,0.9451
2013-11-30T21:05:59.907Z,1460.3604,1569.81,228.5123,6.8699,0.929,1836.2369,2059.7161,224.707,9.1661,0.8915,1513.6449,1604.0007,230.961,6.945,0.9415
2013-11-30T21:06:59.158Z,1469.3567,1575.2649,228.6582,6.8889,0.9323,1840.3305,2067.3225,224.4157,9.2121,0.8902,1502.3411,1593.1924,231.1618,6.8918,0.9411
2013-11-30T21:07:59.397Z,1451.3678,1560.4672,228.0243,6.8433,0.9286,1844.7564,2067.8807,224.6199,9.2064,0.8921,1506.56,1602.0652,230.8858,6.9385,0.9412
2013-11-30T21:08:59.746Z,1452.6059,1571.4861,228.0382,6.8914,0.9244,1831.4097,2045.1253,224.552,9.1073,0.8955,1535.0725,1623.0038,231.6061,7.007,0.9462
2013-11-30T21:09:59.951Z,1463.3848,1581.8954,228.0201,6.9371,0.9249,1823.7771,2045.281,224.5708,9.1076,0.8917,1529.943,1615.7753,231.5114,6.9785,0.9478
2013-11-30T21:10:59.181Z,1447.9649,1563.1592,227.3541,6.8754,0.9277,1834.5040,2058.927,224.8036,9.159,0.891,1510.4611,1606.1927,230.1434,6.979,0.9404
2013-11-30T21:11:59.318Z,1420.267,1540.991,226.2505,6.8113,0.9211,1857.6749,2064.7715,225.8153,9.1439,0.8997,1524.6141,1629.1879,229.8315,7.0885,0.935
2013-11-30T21:12:59.539Z,1418.0765,1533.8931,226.6309,6.7683,0.9244,1878.4692,2082.5601,227.1374,9.1683,0.902,1527.9996,1636.3688,229.7868,7.1211,0.9332
2013-11-30T21:13:59.644Z,1431.2058,1542.2801,226.5926,6.8067,0.9286,1876.1939,2085.1232,226.5825,9.2029,0.8998,1510.8256,1617.3845,229.7471,7.0398,0.933
2013-11-30T21:14:59.847Z,1427.7545,1537.5372,226.582,6.7858,0.9283,1876.9119,2085.4577,226.7776,9.1963,0.9,1508.7099,1616.4141,229.7045,7.0372,0.9326
2013-11-30T21:15:59.016Z,1406.4164,1525.5571,225.2792,6.7719,0.9211,1862.9641,2069.2703,226.2671,9.1452,0.9003,1519.6951,1627.9253,229.7888,7.0847,0.932
2013-11-30T21:16:59.350Z,1410.7764,1529.3314,225.701,6.7762,0.9223,1867.6147,2071.9045,226.2203,9.1587,0.9014,1523.9801,1632.5439,229.8338,7.1033,0.9325
2013-11-30T21:17:59.536Z,1398.0365,1517.3851,226.144,6.7104,0.9207,1869.8869,2076.4985,226.4018,9.1723,0.9005,1517.4504,1630.2572,228.2681,7.1417,0.9309
2013-11-30T21:18:59.682Z,1401.8627,1522.7587,226.7221,6.7168,0.9197,1875.3694,2080.7383,226.6651,9.1798,0.9013,1528.0489,1641.1253,228.373,7.1859,0.9309
2013-11-30T21:19:59.105Z,1399.4553,1518.1437,226.8883,6.6916,0.9209,1883.0309,2085.5365,227.1649,9.1813,0.9029,1523.454,1639.4468,227.7715,7.1974,0.9302
2013-11-30T21:20:59.217Z,1416.047,1535.5425,227.1538,6.7598,0.921,1869.4628,2075.3362,226.5095,9.1621,0.9008,1530.0239,1636.2857,229.148,7.1407,0.9357
2013-11-30T21:21:59.551Z,1406.1055,1528.4888,226.988,6.734,0.919,1872.3766,2075.3454,226.7004,9.1544,0.9022,1536.1428,1644.3881,229.0044,7.1811,0.9328
2013-11-30T21:22:59.901Z,1396.7682,1534.8206,225.6583,6.801,0.9092,1859.8277,2052.1104,227.022,9.0388,0.9063,1570.1726,1675.1626,229.6474,7.2948,0.9376
2013-11-30T21:23:59.014Z,1420.4343,1548.4275,227.1015,6.8182,0.9168,1850.1494,2053.8959,225.9801,9.0892,0.9008,1550.8903,1649.7288,230.1979,7.1665,0.9403
2013-11-30T21:24:59.210Z,1440.2473,1559.8255,228.1766,6.8356,0.9249,1846.3108,2061.0748,224.698,9.1731,0.8958,1532.0703,1629.5695,230.4895,7.0704,0.9405
2013-11-30T21:25:59.661Z,1404.2042,1535.4209,226.8424,6.7689,0.9157,1869.5707,2054.9249,227.2644,9.0423,0.9098,1574.8501,1674.1737,230.4596,7.2645,0.9404
2013-11-30T21:26:59.828Z,1404.9054,1539.01,226.9205,6.7826,0.9133,1870.1963,2055.8385,227.5528,9.0351,0.9097,1582.9452,1682.3108,230.4259,7.3008,0.9411
2013-11-30T21:27:59.116Z,1431.5231,1563.7001,227.424,6.8759,0.9164,1843.7808,2043.4232,226.1323,9.036,0.9023,1570.6819,1661.8011,231.0236,7.1927,0.9446
2013-11-30T21:28:59.251Z,1429.0883,1563.9156,226.8696,6.8937,0.9142,1829.1907,2031.9826,226.0249,8.9906,0.9002,1569.1095,1658.1092,230.8157,7.1832,0.9475
2013-11-30T21:29:59.414Z,1432.0739,1559.0449,227.1147,6.8649,0.9185,1850.0036,2055.5596,226.334,9.0817,0.9,1553.4623,1649.5652,230.5086,7.1555,0.9421
2013-11-30T21:30:59.643Z,1335.6752,1466.9541,226.3898,6.4842,0.8276,1705.5998,1937.5211,225.9612,8.5792,0.8803,1439.6781,1532.6153,230.7072,6.6487,0.9173
2013-11-30T21:31:59.772Z,-2.4699,10.8245,230.0289,0.0476,-0.2252,53.7256,84.025,227.4832,0.369,0.6394,12.45,17.2444,232.2506,0.0709,0.7217
2013-11-30T21:32:59.955Z,-2.7368,11.2746,231.0309,0.0494,-0.2421,8.1221,15.5626,226.0619,0.0697,0.5219,12.4301,17.1755,231.4561,0.0706,0.7232
2013-11-30T21:33:59.134Z,-2.7944,11.3086,231.2931,0.0491,-0.2466,8.2188,15.6817,226.4227,0.0698,0.5241,12.4625,17.2638,231.848,0.071,0.7231
2013-11-30T21:34:59.321Z,-2.8602,11.5294,232.0891,0.0497,-0.2474,8.3229,15.7541,226.6872,0.0699,0.5283,12.4609,17.1873,231.8605,0.0701,0.7253
2013-11-30T21:35:59.448Z,-2.8585,11.4573,231.9177,0.0498,-0.2485,8.3252,15.8213,227.3374,0.07,0.5262,12.4755,17.2649,232.5391,0.0708,0.7224
2013-11-30T21:36:59.594Z,-2.8587,11.3747,231.5927,0.0499,-0.251,8.2679,15.8876,228.3476,0.07,0.5204,12.4929,17.2356,232.1974,0.0706,0.725
2013-11-30T21:37:59.807Z,-2.7783,11.2579,231.7362,0.0491,-0.2459,8.2669,15.8188,227.7523,0.0698,0.5226,12.4545,17.3423,232.6642,0.0706,0.7195
2013-11-30T21:38:59.067Z,-2.7633,11.2905,232.2668,0.0487,-0.2439,8.3786,15.8867,227.2918,0.0701,0.5274,12.4383,17.2024,232.1057,0.0705,0.7229
2013-11-30T21:39:59.183Z,-2.7152,11.1347,231.698,0.0488,-0.2428,8.1962,15.7498,227.6523,0.07,0.5204,12.4381,17.1251,230.9524,0.0704,0.7264
2013-11-30T21:40:59.423Z,-2.8286,11.2693,231.3802,0.049,-0.2502,8.1377,15.6887,227.3774,0.0697,0.5187,12.3931,17.163,231.4923,0.0704,0.7218
2013-11-30T21:41:59.661Z,-2.7921,11.2829,232.1473,0.0494,-0.2471,8.2337,15.7946,227.8253,0.0698,0.5213,12.425,17.1848,231.7268,0.0707,0.7236
2013-11-30T21:42:59.736Z,-2.933,11.5586,231.6574,0.0505,-0.2523,8.2460,15.809,227.1419,0.0697,0.5216,12.4643,17.1894,231.8259,0.0702,0.7245
2013-11-30T21:43:59.928Z,-2.7324,11.1161,229.0365,0.0494,-0.2452,7.7352,15.4088,227.3669,0.069,0.502,12.4672,17.2166,232.2453,0.0705,0.7241
2013-11-30T21:44:59.114Z,-2.7813,11.2225,230.7405,0.0492,-0.2472,8.0071,15.5628,227.0546,0.0697,0.5145,12.4489,17.1392,231.2847,0.0701,0.7266
2013-11-30T21:45:59.275Z,-2.7268,11.0744,229.9711,0.0491,-0.2456,7.9302,15.4405,226.4881,0.0694,0.5136,12.4464,17.1838,231.3884,0.0703,0.7245
2013-11-30T21:46:59.548Z,-2.8598,11.3889,230.2488,0.0498,-0.2503,7.9251,15.5517,227.3538,0.0697,0.5096,12.4586,17.3061,232.1974,0.0705,0.7221
2013-11-30T21:47:59.673Z,-2.7485,11.181,230.7636,0.0488,-0.2446,8.0770,15.5986,226.8681,0.0698,0.5178,12.4826,17.236,232.2529,0.0703,0.724
2013-11-30T21:48:59.880Z,-2.7927,11.2067,229.7961,0.0493,-0.2488,7.9335,15.4952,226.4588,0.0697,0.512,12.4299,17.1788,231.4522,0.0706,0.7237
2013-11-30T21:49:59.998Z,-2.8318,11.286,230.6736,0.0495,-0.2501,8.0160,15.5348,226.6626,0.0696,0.516,12.4619,17.2224,231.9087,0.0709,0.7235
2013-11-30T21:50:59.237Z,-2.8156,11.2484,230.844,0.0488,-0.2494,8.1189,15.6585,226.679,0.0699,0.5185,12.4761,17.2337,232.232,0.0708,0.724
2013-11-30T21:51:59.599Z,-2.7297,11.2461,230.6367,0.0493,-0.2438,8.0956,15.6105,226.556,0.0697,0.5186,12.4699,17.2253,232.3254,0.0706,0.7239
2013-11-30T21:52:59.759Z,-2.8041,11.272,230.7111,0.0496,-0.2479,8.0039,15.5688,226.8451,0.0699,0.5141,12.4621,17.2132,232.0804,0.0706,0.7235
2013-11-30T21:53:59.890Z,-2.846,11.2969,231.1308,0.0489,-0.2508,8.1331,15.6256,227.3707,0.07,0.5205,12.4839,17.2033,231.8253,0.0704,0.7261
2013-11-30T21:54:59.132Z,-2.8648,11.3909,232.4567,0.0496,-0.2505,8.3087,15.7811,226.8717,0.0698,0.5265,12.4665,17.2013,231.7796,0.0707,0.7248
2013-11-30T21:55:59.460Z,-2.8536,11.3695,231.7528,0.0497,-0.2504,8.3311,15.8055,226.4503,0.0699,0.5271,12.4395,17.2774,231.3616,0.0712,0.7209
2013-11-30T21:56:59.575Z,-2.8012,11.3159,231.862,0.049,-0.2467,8.2609,15.6903,226.5834,0.0699,0.5265,12.4398,17.028,229.4538,0.0703,0.7303
2013-11-30T21:57:59.847Z,-2.7135,11.2475,231.3316,0.0492,-0.24,8.2569,15.6796,225.992,0.0699,0.5266,12.3975,17.008,229.2265,0.0703,0.7292
2013-11-30T21:58:59.989Z,-2.8136,11.2864,231.3249,0.0489,-0.2488,8.1847,15.6615,226.9493,0.0699,0.5226,12.4316,17.0351,229.6871,0.0704,0.7298
2013-11-30T21:59:59.207Z,-2.8353,11.4576,231.6343,0.0497,-0.2462,8.2394,15.8024,227.7042,0.0698,0.5214,12.412,17.2083,232.0671,0.0703,0.7209
2013-11-30T22:00:59.348Z,-2.741,11.1761,231.3181,0.049,-0.2441,8.1487,15.6887,227.3718,0.0697,0.5194,12.5223,17.2515,232.423,0.0704,0.7256
2013-11-30T22:01:59.669Z,-2.7705,11.2372,230.8477,0.0495,-0.2461,8.0776,15.6149,227.0978,0.0696,0.5173,12.43,17.1931,231.7284,0.0706,0.7221
2013-11-30T22:02:59.777Z,-2.721,11.0968,231.3444,0.0486,-0.2448,8.2424,15.7057,226.3503,0.07,0.5248,12.4721,17.2604,232.1994,0.0706,0.7229
2013-11-30T22:03:59.021Z,-2.624,11.0175,232.2828,0.0486,-0.2372,8.4355,15.9041,227.2378,0.0699,0.5304,12.5418,17.2799,232.7872,0.0705,0.7262
2013-11-30T22:04:59.560Z,-2.681,11.23,233.325,0.0487,-0.2379,8.6468,16.1111,227.3093,0.07,0.5367,12.501,17.3915,233.6856,0.0704,0.7195
2013-11-30T22:05:59.622Z,-2.8163,11.4681,233.9813,0.0494,-0.2439,8.7469,16.1979,227.843,0.0701,0.54,12.5993,17.3928,233.9156,0.0707,0.724
2013-11-30T22:06:59.910Z,-2.7991,11.3924,234.056,0.0491,-0.2449,8.7142,16.1584,227.6239,0.0701,0.5393,12.5947,17.3652,234.0261,0.0706,0.7249
2013-11-30T22:07:59.034Z,-2.7825,11.3578,234.2045,0.0492,-0.2442,8.8045,16.2504,228.8126,0.0702,0.5418,12.6399,17.3988,234.3504,0.0707,0.727
2013-11-30T22:08:59.278Z,-2.8314,11.5308,234.1744,0.0497,-0.2446,8.7813,16.2497,228.6882,0.0702,0.5404,12.5616,17.3387,233.6581,0.0706,0.7243
2013-11-30T22:09:59.760Z,-2.8548,11.619,234.2895,0.0498,-0.2449,8.7192,16.2128,228.7466,0.0701,0.5378,12.5717,17.4346,233.7746,0.0715,0.7223
2013-11-30T22:10:59.946Z,-2.8254,11.4103,233.9365,0.0489,-0.2467,8.7005,16.1719,228.0412,0.0701,0.538,12.5058,17.2872,232.9961,0.0706,0.7235
2013-11-30T22:11:59.163Z,-2.8237,11.4362,233.4707,0.0489,-0.2458,8.5859,16.0454,227.8242,0.07,0.5351,12.5036,17.245,232.413,0.0705,0.725
2013-11-30T22:12:59.400Z,-2.752,11.2945,232.3585,0.0494,-0.2436,8.4129,15.8376,226.9685,0.0699,0.5312,12.4632,17.2233,232.0193,0.0703,0.7236
2013-11-30T22:13:59.625Z,-2.7777,11.1947,232.1231,0.0488,-0.2466,8.4155,15.9264,228.0403,0.07,0.5284,12.4654,17.2182,232.1423,0.0705,0.7237
2013-11-30T22:14:59.951Z,-2.6954,11.1946,232.9592,0.0486,-0.2392,8.6110,16.1134,228.5848,0.0701,0.5344,12.5289,17.3588,232.6866,0.0709,0.7227
2013-11-30T22:15:59.287Z,-2.7949,11.3328,232.7099,0.049,-0.2458,8.4655,15.9877,228.6745,0.0698,0.5295,12.4592,17.2023,231.6823,0.0704,0.7238
2013-11-30T22:16:59.383Z,-2.4739,10.9155,232.823,0.0468,-0.2237,8.6636,16.2028,229.1141,0.0699,0.5347,12.499,17.2627,232.5297,0.0707,0.7248
2013-11-30T22:17:59.632Z,-1.7949,9.8105,232.2685,0.0413,-0.1819,8.5052,16.1267,229.7662,0.0699,0.5274,12.5263,17.2956,232.9164,0.0705,0.7241
2013-11-30T22:18:59.715Z,-1.8244,9.8505,232.7248,0.0418,-0.1846,8.6136,16.1909,230.041,0.0701,0.532,12.4929,17.3324,232.5443,0.0707,0.722
2013-11-30T22:19:59.160Z,-1.8325,9.7981,232.0006,0.0417,-0.187,8.5474,16.0846,228.9704,0.0701,0.5314,12.4576,17.1978,231.6695,0.0704,0.7243
2013-11-30T22:20:59.273Z,-1.8514,9.8711,232.5152,0.0416,-0.1866,8.5344,15.982,228.854,0.0698,0.534,12.3736,17.0443,229.8835,0.0703,0.7255
2013-11-30T22:21:59.563Z,-1.8029,9.8067,232.6036,0.0414,-0.1831,8.5744,16.1083,229.1154,0.0698,0.5323,12.416,17.1073,230.7015,0.0705,0.7257
2013-11-30T22:22:59.886Z,-1.912,10.0741,232.9122,0.0431,-0.1891,8.5923,16.1236,228.9652,0.0701,0.5329,12.4345,17.1716,231.175,0.0706,0.7244
2013-11-30T22:23:59.093Z,-1.8585,9.9103,232.6855,0.042,-0.1871,8.5480,16.1344,229.9018,0.07,0.5298,12.428,17.2496,231.6685,0.0709,0.7217
2013-11-30T22:24:59.383Z,-1.6984,9.5113,229.6713,0.0411,-0.1772,8.0272,15.8047,230.6874,0.0696,0.5079,12.5348,17.2604,232.8001,0.0703,0.7264
2013-11-30T22:25:59.594Z,-1.8106,9.7016,231.8666,0.0416,-0.1852,8.3708,15.9932,230.3433,0.07,0.5234,12.4372,17.2256,232.1112,0.0704,0.7216
2013-11-30T22:26:59.846Z,-1.7713,9.7567,232.8633,0.0413,-0.1805,8.6006,16.2092,230.5954,0.0699,0.5306,12.4782,17.2321,232.2824,0.0702,0.724
2013-11-30T22:27:59.171Z,-2.6801,11.1536,233.4728,0.0488,-0.2384,8.5946,16.3707,231.3311,0.0703,0.525,12.4975,17.2323,232.1877,0.0708,0.7254
2013-11-30T22:28:59.408Z,-2.7807,11.3177,234.4664,0.0486,-0.2454,8.6122,16.2587,231.7913,0.07,0.5297,12.5052,17.2393,232.2376,0.0705,0.7254
2013-11-30T22:29:59.558Z,-2.749,11.2581,234.4761,0.0482,-0.2433,8.7142,16.3617,232.1286,0.07,0.5326,12.5614,17.3004,233.2818,0.0703,0.726
2013-11-30T22:30:59.691Z,-2.8141,11.3781,233.9652,0.049,-0.2467,8.7189,16.2818,231.016,0.07,0.5355,12.4759,17.1903,231.7728,0.0704,0.7252
2013-11-30T22:31:59.925Z,-2.8103,11.3303,233.7427,0.0484,-0.2466,8.5889,16.2146,231.2359,0.07,0.5297,12.434,17.1151,230.9034,0.0703,0.7263
2013-11-30T22:32:59.266Z,-2.8193,11.422,232.6067,0.0496,-0.2479,25.3510,44.6635,230.426,0.1925,0.5676,12.4864,17.2704,232.5927,0.0704,0.723
2013-11-30T22:33:59.417Z,-2.6887,11.1113,232.2659,0.048,-0.2411,45.2748,74.2453,230.4491,0.3202,0.6098,12.4767,17.2162,232.3795,0.0704,0.7251
2013-11-30T22:34:59.582Z,-2.8421,11.1576,232.2522,0.0487,-0.2534,45.0986,74.3587,231.4482,0.32,0.6065,12.3838,17.1332,230.72,0.0706,0.7223
2013-11-30T22:35:59.828Z,-2.7999,11.1897,231.8341,0.0488,-0.2494,45.1359,74.0297,230.5544,0.3201,0.6097,12.4977,17.2238,232.1094,0.0705,0.7252
2013-11-30T22:36:59.944Z,-2.8435,11.233,232.7776,0.0488,-0.252,44.8255,73.9694,229.8131,0.3202,0.606,12.5577,17.2321,232.3951,0.0702,0.729
2013-11-30T22:37:59.169Z,-2.7846,11.1602,232.7562,0.0485,-0.2491,44.5581,73.6985,229.3859,0.32,0.6046,12.4595,17.2048,232.0313,0.0702,0.7238
2013-11-30T22:38:59.449Z,-2.7356,11.0932,233.4019,0.0482,-0.2461,45.2086,74.5893,231.4784,0.3202,0.6061,12.4374,17.1899,231.7806,0.0703,0.723
2013-11-30T22:39:59.607Z,-2.723,11.1749,233.5023,0.0486,-0.2433,45.6258,74.7474,231.3874,0.3205,0.6104,12.5789,17.3406,233.6728,0.0707,0.7255
2013-11-30T22:40:59.904Z,-2.7046,11.0505,233.7631,0.0481,-0.2438,45.2960,74.5491,230.7701,0.3208,0.6076,12.5088,17.2911,232.8311,0.0708,0.7235
2013-11-30T22:41:59.039Z,-2.7085,11.0693,233.5636,0.0477,-0.2437,45.0445,74.3063,230.1073,0.3205,0.6062,12.5296,17.3543,232.2732,0.0711,0.7238
2013-11-30T22:42:59.238Z,-2.6973,11.066,233.5916,0.048,-0.2433,45.1472,74.4144,230.4791,0.3202,0.6067,12.501,17.2046,232.1085,0.0701,0.7267
2013-11-30T22:43:59.475Z,-2.7901,11.1847,234.0253,0.048,-0.248,45.1644,74.5041,230.5472,0.3207,0.6062,12.5079,17.2827,232.7122,0.0707,0.7235
2013-11-30T22:44:59.663Z,-2.7609,11.2552,234.5167,0.0486,-0.2442,45.3075,74.8018,231.0744,0.322,0.6057,12.5552,17.2762,232.8268,0.0707,0.7267
2013-11-30T22:45:59.961Z,-1.8974,9.96,233.5112,0.0422,-0.1884,45.5094,74.8263,232.0188,0.3202,0.6082,12.5238,17.317,233.1691,0.0704,0.7229
2013-11-30T22:46:59.224Z,-1.7606,9.7956,234.1587,0.041,-0.1787,45.9482,75.1647,232.78,0.3205,0.6113,12.5875,17.36,233.6873,0.0708,0.7249
2013-11-30T22:47:59.439Z,-1.8043,9.8864,234.6259,0.0415,-0.1816,46.0683,75.3982,233.2398,0.3212,0.611,12.5768,17.361,233.6563,0.0706,0.7248
2013-11-30T22:48:59.632Z,-1.7424,9.7968,234.5289,0.0413,-0.1764,45.6594,75.1101,232.3002,0.321,0.6079,12.5729,17.3381,233.525,0.0705,0.7253
2013-11-30T22:49:59.833Z,-2.211,10.4483,234.8566,0.0448,-0.2095,45.6674,75.5207,233.0886,0.3228,0.6047,12.5537,17.2654,232.466,0.0709,0.7272
2013-11-30T22:50:59.081Z,-2.6505,10.9062,233.1044,0.0472,-0.242,44.7390,74.2063,230.2546,0.3203,0.6029,12.4335,17.1482,231.264,0.0708,0.7246
2013-11-30T22:51:59.471Z,-2.7086,11.0672,233.1783,0.048,-0.2439,44.7634,74.0994,229.7566,0.3202,0.6041,12.494,17.2195,232.0191,0.0703,0.7255
2013-11-30T22:52:59.933Z,-2.7079,11.0496,233.0592,0.0481,-0.2439,44.8179,74.0669,230.0049,0.3202,0.6051,12.4614,17.2209,231.9477,0.0709,0.7234
2013-11-30T22:53:59.098Z,-2.7391,11.069,232.8602,0.0484,-0.2466,44.9856,74.0991,229.94,0.3201,0.6071,12.5043,17.2406,232.2865,0.0704,0.7254
2013-11-30T22:54:59.219Z,-2.8717,11.4986,233.262,0.05,-0.2485,44.9111,74.2087,230.1351,0.3204,0.6052,12.4244,17.1915,232.1455,0.0701,0.7228
2013-11-30T22:55:59.535Z,-2.6556,10.934,233.6909,0.0473,-0.2416,45.0485,74.3988,230.2363,0.321,0.6055,12.4428,17.1833,231.8196,0.0702,0.7243
2013-11-30T22:56:59.060Z,-2.6516,10.9749,233.5424,0.0472,-0.2411,44.9211,74.2129,230.037,0.3203,0.6053,12.4274,17.18,231.6346,0.0703,0.7235
2013-11-30T22:57:59.367Z,-2.726,11.0433,233.4653,0.0484,-0.246,44.5687,73.9362,229.304,0.3203,0.6028,12.3928,17.1131,230.9114,0.0703,0.724
2013-11-30T22:58:59.602Z,-2.7163,11.1643,233.8733,0.0486,-0.2426,44.7402,74.0732,229.3476,0.3203,0.604,12.4394,17.1853,231.7203,0.0701,0.7235
2013-11-30T22:59:59.813Z,-2.6954,11.1568,233.9696,0.0483,-0.241,45.1808,74.335,229.8898,0.3211,0.6078,12.4834,17.2186,232.341,0.0705,0.7249
2013-11-30T23:00:59.971Z,-2.7061,11.1488,233.9161,0.0485,-0.2424,44.9548,74.3054,229.5901,0.3218,0.605,12.5238,17.243,232.2782,0.0706,0.7263
2013-11-30T23:01:59.119Z,-2.5705,10.945,233.589,0.0474,-0.2333,44.8278,74.0343,229.2553,0.3203,0.6055,12.5272,17.2207,232.1785,0.0702,0.7276
2013-11-30T23:02:59.465Z,-1.7479,9.6628,232.5574,0.0409,-0.1795,44.6909,73.12,226.8411,0.32,0.6112,12.5273,17.2777,232.5955,0.0706,0.7253
2013-11-30T23:03:59.767Z,-1.788,9.8519,232.1381,0.0418,-0.1802,45.1551,73.9883,230.0074,0.3201,0.6103,12.4859,17.2248,232.2321,0.0702,0.7245
2013-11-30T23:04:59.879Z,-1.8512,9.8967,232.3796,0.0419,-0.1857,44.9773,74.0123,230.0788,0.32,0.6077,12.4557,17.1998,231.7498,0.0706,0.7244
2013-11-30T23:05:59.511Z,-2.4174,10.6823,230.2194,0.0472,-0.2258,45.2212,73.6501,230.6811,0.32,0.614,12.4891,17.2594,232.7375,0.0708,0.7238
2013-11-30T23:06:59.736Z,-2.7035,11.101,232.9602,0.0483,-0.2424,45.2872,74.3022,230.1647,0.321,0.6095,12.545,17.2272,232.4091,0.0701,0.7283
2013-11-30T23:07:59.889Z,-2.7144,11.1033,234.111,0.0476,-0.2434,45.2359,74.4746,230.0357,0.3213,0.6074,12.5087,17.2566,232.7359,0.0704,0.725
2013-11-30T23:08:59.020Z,-2.6489,11.0672,233.6468,0.0484,-0.2387,45.3385,74.4108,230.1528,0.321,0.6093,12.503,17.3641,232.9723,0.0707,0.7217
2013-11-30T23:09:59.507Z,-2.6315,10.9975,233.1722,0.0481,-0.238,45.5442,74.4308,230.4573,0.3208,0.6119,12.5504,17.2846,233.2033,0.0703,0.7262
2013-11-30T23:10:59.926Z,-2.5734,10.9627,232.8454,0.0477,-0.2343,45.4080,74.3905,230.4445,0.3202,0.6104,12.5626,17.3316,233.6549,0.0702,0.7249
2013-11-30T23:11:59.167Z,-2.5076,10.8495,232.5268,0.0468,-0.2297,45.2240,74.2473,230.3616,0.3201,0.6091,12.521,17.2957,233.798,0.0701,0.7238
2013-11-30T23:12:59.346Z,-1.7826,9.753,231.387,0.0421,-0.1819,45.4032,74.164,230.7421,0.3201,0.6122,12.5302,17.3509,233.0355,0.0705,0.7232
2013-11-30T23:13:59.671Z,-1.7382,9.7156,231.3873,0.0414,-0.1787,45.4910,74.1983,230.8845,0.32,0.6131,12.5207,17.288,232.9503,0.0703,0.7237
2013-11-30T23:14:59.856Z,-1.8277,9.7929,232.0691,0.0417,-0.1854,45.2752,74.1852,230.6839,0.32,0.6103,12.4815,17.2376,232.2651,0.0702,0.7243
2013-11-30T23:15:59.115Z,-1.8088,9.6522,231.8528,0.0413,-0.1862,45.0244,73.9925,230.0766,0.3201,0.6085,12.4522,17.2177,231.8,0.0708,0.7231
2013-11-30T23:16:59.765Z,-1.8211,9.6844,232.2291,0.0416,-0.1866,44.6769,73.7729,228.9766,0.3201,0.6056,12.4733,17.176,231.6427,0.0703,0.7259
2013-11-30T23:17:59.890Z,-2.5712,10.891,232.2526,0.0474,-0.2346,44.8326,73.8349,229.2593,0.3202,0.6072,12.4551,17.1704,231.6215,0.0702,0.7255
2013-11-30T23:18:59.086Z,-2.8572,11.3154,233.0316,0.0491,-0.2514,44.9896,74.0691,229.4902,0.3205,0.6074,12.3901,17.2008,231.9314,0.0701,0.7206
2013-11-30T23:19:59.508Z,-2.8423,11.3556,233.6187,0.0489,-0.2493,45.1633,74.5269,230.3793,0.3215,0.606,12.3944,17.1744,231.9217,0.0702,0.7216
2013-11-30T23:21:59.288Z,-2.8058,11.2251,233.3158,0.0484,-0.2488,45.1498,74.6524,230.9766,0.321,0.6048,12.345,17.1912,231.9472,0.0703,0.7182
2013-11-30T23:22:59.672Z,-2.7185,11.0588,233.152,0.048,-0.2445,45.7938,75.1211,232.9512,0.3203,0.6096,12.4046,17.1707,231.9971,0.0702,0.7225
2013-11-30T23:23:59.835Z,-2.8085,11.2821,233.3279,0.0488,-0.2479,45.8127,75.2509,232.949,0.3205,0.6088,12.3617,17.1486,231.9771,0.0701,0.7212
2013-11-30T23:24:59.952Z,-2.8605,11.3154,233.0304,0.0487,-0.2515,45.6199,74.9957,232.543,0.3207,0.6083,12.3967,17.1636,231.7876,0.0704,0.7218
2013-11-30T23:25:59.192Z,-2.8887,11.4292,233.885,0.0489,-0.2517,45.8766,75.3682,233.1002,0.321,0.6087,12.3597,17.2051,232.4458,0.0701,0.718
2013-11-30T23:26:59.313Z,-2.9748,11.4537,233.4711,0.0491,-0.259,45.6104,75.153,232.7853,0.3207,0.6069,12.3284,17.2765,232.1731,0.071,0.7148
2013-11-30T23:27:59.475Z,-2.8182,11.3447,234.1207,0.0483,-0.2473,45.5419,75.3132,232.6965,0.3219,0.6047,12.3789,17.1698,231.9828,0.0706,0.7213
2013-11-30T23:28:59.625Z,-2.8054,11.3906,234.7332,0.0491,-0.2449,45.7430,75.3467,232.4465,0.3224,0.6071,12.3712,17.2503,233.0857,0.0704,0.7174
2013-11-30T23:29:59.181Z,-2.8501,11.3979,234.9084,0.0484,-0.2487,45.7766,75.2533,231.9362,0.3236,0.6083,12.3779,17.2562,232.9298,0.0701,0.7174
2013-11-30T23:30:59.484Z,-2.9619,11.6316,234.7565,0.0499,-0.2556,45.3787,75.23,231.8928,0.3233,0.6032,12.3403,17.2059,232.4579,0.0702,0.7178
2013-11-30T23:31:59.620Z,-2.8787,11.4269,234.6449,0.0493,-0.2506,45.4676,75.4274,232.8003,0.323,0.6028,12.3724,17.1699,232.0038,0.0701,0.7202
2013-11-30T23:32:59.810Z,-2.8341,11.4253,234.7341,0.0491,-0.2468,45.6030,75.5266,233.0823,0.3226,0.6038,12.3555,17.1414,231.7307,0.0702,0.7213
2013-11-30T23:33:59.113Z,-2.6956,11.1394,233.9203,0.0477,-0.2401,45.8134,75.289,232.8103,0.3214,0.6085,12.3748,17.183,232.2113,0.0702,0.7204
2013-11-30T23:34:59.577Z,-2.7453,11.2154,233.9009,0.0485,-0.2437,45.5072,75.1813,232.3933,0.3215,0.6053,12.3828,17.192,231.7907,0.0704,0.7205
2013-11-30T23:35:59.788Z,-2.8848,11.3551,233.7298,0.049,-0.253,45.4053,75.0376,232.0518,0.3214,0.6051,12.3595,17.193,232.192,0.0701,0.7191
2013-11-30T23:36:59.926Z,-2.8267,11.4011,233.9259,0.0489,-0.2476,45.3395,74.9537,231.7538,0.321,0.6049,12.3302,17.1434,231.6024,0.0701,0.7191
2013-11-30T23:37:59.117Z,-2.8011,11.2346,234.323,0.048,-0.2482,45.4558,75.2206,232.1902,0.3224,0.6043,12.358,17.0923,230.8713,0.0702,0.723
2013-11-30T23:38:59.773Z,-2.7556,11.2826,234.4862,0.0488,-0.2431,45.4879,75.0377,231.742,0.3217,0.6062,12.3404,17.1075,231.114,0.0703,0.7217
2013-11-30T23:39:59.997Z,-2.8691,11.5017,234.9017,0.0493,-0.2495,45.6208,75.2322,231.9178,0.3236,0.6064,12.3097,17.1406,231.2421,0.0709,0.7184
2013-11-30T23:40:59.209Z,-2.748,11.243,234.97,0.0485,-0.2435,45.6176,75.3015,232.1963,0.323,0.6058,12.3842,17.1046,231.1925,0.0702,0.7241
2013-11-30T23:41:59.488Z,-2.8064,11.3896,235.5638,0.0491,-0.2457,45.5095,75.5094,232.6123,0.3243,0.6027,12.3163,17.1514,231.4835,0.0705,0.7182
2013-11-30T23:42:59.676Z,-2.8587,11.3139,235.3622,0.0485,-0.2522,45.5056,75.4404,232.5526,0.3234,0.6032,12.3495,17.1372,231.4289,0.0702,0.7206
2013-11-30T23:43:59.911Z,-2.7683,11.2796,235.1609,0.0487,-0.2447,45.6348,75.3672,232.1631,0.3235,0.6055,12.2446,17.1318,231.3896,0.0704,0.7153
2013-11-30T23:44:59.131Z,-2.8757,11.5215,235.3733,0.0488,-0.2475,45.7698,75.5278,232.4817,0.3257,0.606,12.3272,17.1992,231.7141,0.0704,0.7187
2013-11-30T23:45:59.364Z,-2.0993,10.2643,234.1789,0.0437,-0.2022,45.7355,75.3717,232.616,0.3218,0.6068,12.3689,17.1867,231.9915,0.0702,0.7195
2013-11-30T23:46:59.456Z,-1.8646,9.9759,233.7815,0.0423,-0.1852,45.8059,75.252,232.529,0.3218,0.6087,12.4414,17.2117,232.4768,0.0701,0.7229
2013-11-30T23:47:59.602Z,-1.8943,9.9979,233.5714,0.042,-0.1888,45.7596,75.0157,232.2822,0.321,0.61,12.42,17.2164,232.5748,0.0702,0.7215
2013-11-30T23:48:59.711Z,-1.7621,9.978,231.5645,0.0431,-0.1782,45.7253,74.544,232.584,0.3201,0.6134,12.4912,17.267,233.191,0.0702,0.7236
2013-11-30T23:49:59.082Z,-2.0552,10.2511,233.1592,0.0438,-0.1992,45.8076,75.2424,233.2635,0.3202,0.6088,12.4436,17.2324,232.2372,0.0705,0.722
2013-11-30T23:50:59.365Z,-2.5352,10.9249,233.5619,0.0473,-0.2301,45.4064,75.1388,232.954,0.3201,0.6043,12.3648,17.1502,231.5125,0.0703,0.7212
2013-11-30T23:51:59.630Z,-2.7728,11.176,234.0206,0.0493,-0.2471,45.6826,75.2721,232.8616,0.3213,0.6069,12.4079,17.2118,232.0526,0.0709,0.7213
2013-11-30T23:52:59.779Z,-2.755,11.1712,234.2452,0.0489,-0.2451,45.4844,75.0197,231.9204,0.3213,0.6063,12.428,17.1747,231.9288,0.0702,0.724
2013-11-30T23:53:59.017Z,-2.6999,11.1077,234.3782,0.0477,-0.2419,45.3646,74.859,231.4802,0.3215,0.606,12.3974,17.1965,232.2941,0.0702,0.7213
2013-11-30T23:54:59.241Z,-2.8652,11.3755,235.2598,0.0496,-0.2512,45.5675,75.1939,231.7584,0.3233,0.606,12.4504,17.2597,233.0291,0.0704,0.7212
2013-11-30T23:55:59.494Z,-2.7971,11.2895,235.4382,0.0487,-0.2463,45.5692,75.1347,231.5633,0.3239,0.6065,12.3973,17.2271,232.6734,0.0701,0.7195
2013-11-30T23:56:59.753Z,-2.7486,11.2347,234.8621,0.0485,-0.2438,45.7075,74.8567,231.0844,0.3219,0.6106,12.4743,17.28,233.0657,0.0703,0.7217
2013-11-30T23:57:59.924Z,-2.7647,11.3386,234.6932,0.0491,-0.2436,45.5513,74.7969,231.0072,0.3219,0.609,12.5041,17.2533,233.0555,0.0703,0.7247
2013-11-30T23:58:59.351Z,-2.8049,11.2667,234.4898,0.049,-0.2484,45.5723,75.0038,231.8747,0.321,0.6076,12.523,17.2895,233.3706,0.0702,0.7244
2013-11-30T23:59:59.921Z,-2.6355,11.1683,234.6083,0.0481,-0.2353,45.8189,75.1746,232.04,0.322,0.6095,12.4362,17.3053,233.7163,0.0701,0.7184
