2013-11-26T17:16:59.333Z,178.1171,176.5781,5.207,0.6633,-0.0182,40.7507,535.4888,16.9862,2.0745,0.0761,256.7072,256.4037,10.0954,1.2059,0.0203
2013-11-26T17:17:59.438Z,-0.0367,0.2438,1.8939,0.1292,-0.1466,-0.0392,0.4135,4.5345,0.0915,-0.0948,-0.0684,0.5055,3.3998,0.148,-0.1114
2013-11-26T17:18:59.491Z,-0.0343,0.2441,1.8798,0.1305,-0.1348,-0.0545,0.4208,4.5198,0.0931,-0.1296,-0.0779,0.5057,3.4557,0.1469,-0.1418
2013-11-26T17:19:59.610Z,-0.0401,0.2489,1.8758,0.1325,-0.1538,-0.0555,0.4227,4.5628,0.0928,-0.1314,-0.076,0.5102,3.4357,0.1487,-0.1419
2013-11-26T17:20:59.724Z,-0.0352,0.2425,1.8723,0.1291,-0.1365,-0.0593,0.4171,4.5659,0.0913,-0.1421,-0.0744,0.5025,3.4094,0.1474,-0.1436
2013-11-26T17:21:59.087Z,-0.0391,0.2519,1.909,0.1324,-0.1554,-0.0648,0.4324,4.6958,0.092,-0.1499,-0.0835,0.4978,3.4407,0.1453,-0.1576
2013-11-26T17:22:59.293Z,-0.0403,0.2515,1.9345,0.1301,-0.1494,-0.0490,0.4239,4.5726,0.0929,-0.1156,-0.0765,0.4998,3.369,0.1485,-0.1406
2013-11-26T17:23:59.526Z,-0.0263,0.245,1.9021,0.1292,-0.0966,-0.0387,0.4223,4.6559,0.0905,-0.0916,-0.0645,0.5095,3.3942,0.1499,-0.1088
2013-11-26T17:24:59.911Z,-0.0148,0.2477,1.885,0.1313,-0.0527,-0.0119,0.4186,4.5653,0.0916,-0.0284,-0.0453,0.5209,3.4497,0.151,-0.078
2013-11-26T17:25:59.964Z,0.0034,0.2562,1.9107,0.1338,0.019,0.0274,0.4234,4.6083,0.0922,0.0648,0.0214,0.5174,3.4498,0.1503,0.0342
2013-11-26T17:26:59.029Z,0.0223,0.2536,1.9012,0.1327,0.0891,0.0714,0.433,4.7068,0.0918,0.1648,0.0604,0.5198,3.5181,0.1482,0.109
2013-11-26T17:27:59.254Z,0.0489,0.2533,1.9115,0.1321,0.1742,0.0539,0.4257,4.656,0.091,0.1267,0.0832,0.5147,3.4801,0.1484,0.1479
2013-11-26T17:28:59.386Z,0.0443,0.2515,1.9146,0.1308,0.1641,0.0406,0.4193,4.5761,0.0911,0.0969,0.0792,0.5258,3.4936,0.1503,0.1372
2013-11-26T17:29:59.510Z,0.0336,0.2516,1.9243,0.13,0.1356,0.0549,0.4441,4.7079,0.094,0.1236,0.0935,0.5237,3.5108,0.1491,0.1741
2013-11-26T17:30:59.672Z,0.0339,0.2468,1.8923,0.1296,0.1398,0.0419,0.4108,4.5683,0.0893,0.1021,0.0537,0.5153,3.4812,0.1475,0.1101
2013-11-26T17:31:59.796Z,0.0153,0.2422,1.8649,0.1298,0.062,0.0165,0.4088,4.494,0.0903,0.0403,0.0441,0.5013,3.3563,0.1489,0.0946
2013-11-26T17:32:59.979Z,0.0108,0.2483,1.8809,0.1322,0.0484,-0.0003,0.4219,4.5502,0.0924,-0.0008,0.0177,0.4986,3.3693,0.1483,0.0406
2013-11-26T17:33:59.258Z,0.0019,0.2416,1.8828,0.1283,0.0196,-0.0143,0.4207,4.6321,0.0907,-0.0339,0.015,0.5071,3.4236,0.1488,0.0458
2013-11-26T17:34:59.388Z,-0.0222,0.2396,1.8684,0.1282,-0.0911,-0.0432,0.4098,4.5248,0.0903,-0.1053,-0.034,0.4931,3.3772,0.1467,-0.0531
2013-11-26T17:35:59.492Z,-0.0202,0.2439,1.8975,0.1287,-0.0768,-0.0341,0.4199,4.5549,0.0923,-0.0812,-0.0372,0.5122,3.4609,0.1486,-0.0632
2013-11-26T17:36:59.800Z,-0.0231,0.2494,1.8886,0.1323,-0.0799,-0.0239,0.4217,4.5796,0.0927,-0.0566,-0.035,0.5036,3.4346,0.1476,-0.0537
2013-11-26T17:37:59.936Z,-0.0218,0.2435,1.8883,0.1293,-0.0776,-0.0466,0.4096,4.4998,0.0911,-0.1138,-0.0351,0.5116,3.4381,0.1491,-0.0635
2013-11-26T17:38:59.076Z,-0.0222,0.2424,1.8777,0.1296,-0.0886,-0.0442,0.4189,4.6227,0.0904,-0.1054,-0.056,0.4962,3.4378,0.1445,-0.1064
2013-11-26T17:39:59.384Z,-0.0359,0.2488,1.9114,0.1308,-0.1408,-0.0593,0.4187,4.5867,0.0917,-0.1416,-0.0651,0.5156,3.5274,0.1467,-0.1211
2013-11-26T17:40:59.447Z,-0.0397,0.2471,1.9288,0.1288,-0.1558,-0.0538,0.4157,4.6086,0.0907,-0.1295,-0.0778,0.4998,3.4395,0.1457,-0.1495
2013-11-26T17:41:59.603Z,-0.0444,0.2419,1.8886,0.1283,-0.1745,-0.0600,0.4065,4.4599,0.0917,-0.1476,-0.0795,0.4981,3.4229,0.1462,-0.1542
2013-11-26T17:42:59.733Z,-0.0406,0.2362,1.8869,0.1256,-0.164,-0.0500,0.4118,4.5585,0.0909,-0.1214,-0.0742,0.5079,3.4702,0.1461,-0.1389
2013-11-26T17:43:59.936Z,-0.0484,0.2438,1.8913,0.1286,-0.1908,-0.0629,0.4072,4.5323,0.0905,-0.1545,-0.0883,0.5042,3.4824,0.1455,-0.1685
2013-11-26T17:44:59.020Z,-0.0502,0.2479,1.9178,0.1296,-0.1997,-0.0746,0.4092,4.6021,0.0891,-0.1822,-0.0923,0.5086,3.4516,0.1475,-0.1731
2013-11-26T17:45:59.154Z,-0.0411,0.2427,1.9206,0.1276,-0.1626,-0.0564,0.3987,4.5881,0.0874,-0.1415,-0.1047,0.4932,3.4366,0.1438,-0.2038
2013-11-26T17:46:59.313Z,-0.0461,0.2401,1.8761,0.1287,-0.1874,-0.0672,0.4095,4.525,0.0908,-0.1642,-0.0915,0.4981,3.4416,0.1449,-0.1778
2013-11-26T17:47:59.831Z,-0.0465,0.246,1.9351,0.1277,-0.1882,-0.0711,0.416,4.6409,0.0904,-0.1708,-0.0886,0.5085,3.4429,0.1479,-0.1638
2013-11-26T17:48:59.913Z,-0.0476,0.2458,1.8989,0.1298,-0.1921,-0.0645,0.4248,4.6636,0.0916,-0.1518,-0.1041,0.5074,3.4736,0.1463,-0.1983
2013-11-26T17:49:59.496Z,-0.045,0.2382,1.8985,0.1255,-0.1816,-0.0667,0.4086,4.5564,0.0901,-0.1632,-0.0887,0.5001,3.4285,0.1462,-0.172
2013-11-26T17:50:59.588Z,-0.0472,0.2417,1.882,0.1295,-0.1916,-0.0598,0.4082,4.6469,0.0885,-0.1465,-0.088,0.4918,3.3769,0.1452,-0.1725
2013-11-26T17:51:59.767Z,-0.0493,0.2379,1.8839,0.1264,-0.1948,-0.0564,0.4026,4.579,0.0877,-0.1401,-0.0848,0.4899,3.4067,0.1449,-0.166
2013-11-26T17:52:59.928Z,-0.0454,0.2424,1.8968,0.1284,-0.1762,-0.0699,0.412,4.6182,0.0892,-0.1697,-0.0939,0.5018,3.474,0.1447,-0.1799
2013-11-26T17:53:59.302Z,-0.0522,0.2436,1.8829,0.1301,-0.2024,-0.0707,0.419,4.6328,0.0912,-0.1688,-0.0901,0.498,3.447,0.145,-0.172
2013-11-26T17:54:59.368Z,-0.0441,0.2404,1.8952,0.127,-0.1827,-0.0659,0.4034,4.5968,0.0879,-0.1633,-0.1064,0.5095,3.4763,0.1461,-0.2005
2013-11-26T17:55:59.679Z,-0.0431,0.2408,1.8949,0.1276,-0.1734,-0.0658,0.4177,4.6527,0.0896,-0.1575,-0.0958,0.4968,3.4036,0.147,-0.1842
2013-11-26T17:56:59.809Z,-0.0453,0.2442,1.8967,0.129,-0.1828,-0.0611,0.3996,4.5364,0.0883,-0.1529,-0.099,0.4941,3.3782,0.1465,-0.195
2013-11-26T17:57:59.922Z,-0.0429,0.2369,1.9028,0.1253,-0.1798,-0.0614,0.4015,4.5563,0.0883,-0.1529,-0.0836,0.4941,3.386,0.147,-0.1611
2013-11-26T17:58:59.263Z,-0.0499,0.2436,1.8907,0.1293,-0.1952,-0.0580,0.4115,4.6228,0.0894,-0.1409,-0.1007,0.4978,3.3945,0.1469,-0.197
2013-11-26T17:59:59.358Z,-0.0463,0.2427,1.9086,0.1271,-0.1893,-0.0690,0.4119,4.5348,0.0915,-0.1674,-0.0946,0.4917,3.3912,0.1449,-0.182
2013-11-26T18:00:59.520Z,-0.0408,0.2323,1.8549,0.1256,-0.1707,-0.0692,0.4089,4.5305,0.091,-0.1692,-0.1,0.5079,3.4447,0.1481,-0.187
2013-11-26T18:01:59.818Z,-0.0456,0.2349,1.8769,0.1252,-0.1867,-0.0681,0.4116,4.6263,0.0896,-0.1655,-0.0985,0.5041,3.4634,0.1463,-0.1846
2013-11-26T18:02:59.999Z,-0.0377,0.2353,1.8645,0.127,-0.1467,-0.0527,0.4064,4.5879,0.0887,-0.1296,-0.0934,0.479,3.3178,0.1444,-0.1732
2013-11-26T18:03:59.241Z,-0.0351,0.2346,1.8557,0.1264,-0.1389,-0.0473,0.3989,4.4462,0.0898,-0.1185,-0.093,0.4911,3.4185,0.1442,-0.1802
2013-11-26T18:04:59.332Z,-0.0404,0.2359,1.8734,0.1261,-0.1605,-0.0565,0.3941,4.4364,0.0896,-0.1434,-0.0803,0.4798,3.3482,0.1435,-0.1538
2013-11-26T18:05:59.565Z,-0.0342,0.225,1.8147,0.1241,-0.1406,-0.0440,0.3942,4.4639,0.089,-0.1116,-0.0869,0.4806,3.3539,0.1437,-0.1591
2013-11-26T18:06:59.774Z,-0.0384,0.2354,1.8494,0.1278,-0.1437,-0.0550,0.3964,4.446,0.0897,-0.1388,-0.0746,0.47,3.2914,0.1431,-0.1482
2013-11-26T18:07:59.893Z,-0.0432,0.2363,1.8778,0.1269,-0.1863,-0.0549,0.4011,4.4967,0.0895,-0.1369,-0.1009,0.4966,3.4006,0.1464,-0.1967
2013-11-26T18:08:59.022Z,-0.0405,0.2324,1.8448,0.1262,-0.1659,-0.0491,0.3998,4.4965,0.0893,-0.1227,-0.0947,0.4919,3.4247,0.1442,-0.1821
2013-11-26T18:09:59.101Z,-0.0374,0.2391,1.8901,0.1272,-0.1484,-0.0582,0.4116,4.6344,0.0893,-0.1414,-0.0817,0.4803,3.3399,0.1444,-0.1603
2013-11-26T18:10:59.469Z,-0.0495,0.2361,1.8701,0.1267,-0.2032,-0.0590,0.3994,4.4932,0.0894,-0.1476,-0.0828,0.4881,3.4529,0.1419,-0.1621
2013-11-26T18:11:59.727Z,-0.0455,0.237,1.8559,0.1279,-0.189,-0.0581,0.4015,4.5717,0.0885,-0.1447,-0.0978,0.4921,3.3913,0.1455,-0.1884
2013-11-26T18:12:59.837Z,-0.0436,0.2332,1.8739,0.1248,-0.1866,-0.0509,0.4052,4.6165,0.0885,-0.1257,-0.1009,0.5041,3.4781,0.1447,-0.194
2013-11-26T18:13:59.492Z,-0.0458,0.2364,1.8662,0.127,-0.1905,-0.0515,0.4031,4.5077,0.0898,-0.1277,-0.0962,0.503,3.4058,0.1482,-0.1836
2013-11-26T18:14:59.575Z,-0.0455,0.2348,1.8653,0.1258,-0.1859,-0.0588,0.3963,4.4839,0.0887,-0.1484,-0.0921,0.4861,3.3484,0.1457,-0.1806
2013-11-26T18:15:59.692Z,-0.0407,0.2312,1.8667,0.1242,-0.1722,-0.0476,0.3938,4.4703,0.088,-0.1208,-0.0897,0.494,3.4158,0.1451,-0.1693
2013-11-26T18:16:59.807Z,-0.0434,0.232,1.835,0.1265,-0.1759,-0.0517,0.4098,4.5419,0.0906,-0.1261,-0.0933,0.475,3.3542,0.142,-0.1782
2013-11-26T18:17:59.863Z,-0.0404,0.233,1.9069,0.1224,-0.1629,-0.0586,0.4016,4.5146,0.0891,-0.1459,-0.0794,0.4762,3.3708,0.1415,-0.1626
2013-11-26T18:18:59.973Z,-0.0393,0.2274,1.8353,0.1241,-0.1712,-0.0537,0.3938,4.5099,0.0882,-0.1363,-0.0875,0.4771,3.3551,0.1428,-0.1753
2013-11-26T18:19:59.141Z,-0.0473,0.2375,1.9095,0.1252,-0.1951,-0.0582,0.4044,4.5673,0.0888,-0.1439,-0.0953,0.4912,3.4161,0.1443,-0.1843
2013-11-26T18:20:59.248Z,-0.0475,0.2393,1.8824,0.1276,-0.1943,-0.0562,0.4007,4.5458,0.0886,-0.1403,-0.0896,0.4812,3.362,0.143,-0.1771
2013-11-26T18:21:59.667Z,-0.0411,0.2365,1.8588,0.1279,-0.1709,-0.0667,0.3988,4.5569,0.0876,-0.1673,-0.1011,0.4904,3.4095,0.1448,-0.1996
2013-11-26T18:22:59.087Z,-0.0443,0.2399,1.8781,0.1279,-0.1848,-0.0620,0.4204,4.5955,0.0916,-0.1475,-0.092,0.509,3.4454,0.1485,-0.1731
2013-11-26T18:23:59.216Z,-0.0402,0.2408,1.8783,0.1288,-0.1705,-0.0560,0.402,4.4845,0.0902,-0.1393,-0.0691,0.4917,3.4393,0.1434,-0.1403
2013-11-26T18:24:59.658Z,-0.0464,0.2404,1.8991,0.127,-0.188,-0.0615,0.4002,4.497,0.0897,-0.1537,-0.0833,0.4931,3.4325,0.1444,-0.1611
2013-11-26T18:25:59.813Z,-0.048,0.2419,1.9191,0.1264,-0.1913,-0.0651,0.4107,4.5949,0.0901,-0.1584,-0.0837,0.4915,3.3741,0.1454,-0.159
2013-11-26T18:26:59.897Z,-0.0461,0.2386,1.8866,0.1262,-0.1855,-0.0637,0.4067,4.4571,0.0911,-0.1567,-0.0971,0.4895,3.4,0.1441,-0.1895
2013-11-26T18:27:59.983Z,-0.0438,0.2344,1.8758,0.1253,-0.1814,-0.0660,0.3938,4.5214,0.0875,-0.1676,-0.0934,0.4912,3.3623,0.146,-0.1823
2013-11-26T18:28:59.190Z,-0.0406,0.2362,1.8768,0.1265,-0.1688,-0.0669,0.4035,4.4797,0.0904,-0.1659,-0.0849,0.497,3.4229,0.1455,-0.1637
2013-11-26T18:29:59.345Z,-0.0407,0.2377,1.8746,0.1274,-0.1598,-0.0621,0.4129,4.5685,0.0903,-0.1505,-0.0746,0.4836,3.4177,0.1419,-0.1451
2013-11-26T18:30:59.428Z,-0.0383,0.2395,1.9113,0.1255,-0.1549,-0.0701,0.4127,4.6139,0.09,-0.1698,-0.0803,0.4887,3.3451,0.1466,-0.1601
2013-11-26T18:31:59.794Z,-0.0446,0.2402,1.8751,0.1288,-0.182,-0.0609,0.41,4.5874,0.0897,-0.1485,-0.0719,0.4989,3.4339,0.146,-0.1408
2013-11-26T18:32:59.142Z,-0.0427,0.2342,1.8866,0.1249,-0.1777,-0.0611,0.4131,4.5945,0.0898,-0.1478,-0.0732,0.4848,3.3619,0.1453,-0.149
2013-11-26T18:33:59.550Z,-0.0417,0.2333,1.855,0.1256,-0.1774,-0.0669,0.3974,4.4639,0.0899,-0.1684,-0.077,0.4805,3.359,0.1436,-0.1509
2013-11-26T18:34:59.697Z,-0.0407,0.2362,1.8843,0.1257,-0.1634,-0.0499,0.408,4.5487,0.0897,-0.1224,-0.073,0.4931,3.4241,0.1443,-0.1415
2013-11-26T18:35:59.814Z,-0.0348,0.2425,1.9139,0.1269,-0.1424,-0.0508,0.4083,4.6053,0.089,-0.1244,-0.0717,0.4996,3.4053,0.1473,-0.1394
2013-11-26T18:36:59.889Z,-0.0454,0.2407,1.9113,0.1265,-0.182,-0.0542,0.4154,4.6171,0.09,-0.1305,-0.0705,0.4808,3.3718,0.1432,-0.1418
2013-11-26T18:37:59.982Z,-0.0388,0.2329,1.8624,0.1254,-0.1612,-0.0552,0.4107,4.5499,0.0904,-0.1344,-0.074,0.491,3.3774,0.1459,-0.1428
2013-11-26T18:38:59.350Z,-0.0468,0.2465,1.9121,0.129,-0.1775,-0.0697,0.4072,4.5639,0.0893,-0.1711,-0.0719,0.4836,3.3836,0.1436,-0.1421
2013-11-26T18:39:59.573Z,-0.0438,0.2393,1.8783,0.1279,-0.1792,-0.0603,0.4162,4.5806,0.0912,-0.1449,-0.0938,0.4943,3.3819,0.147,-0.1834
2013-11-26T18:40:59.793Z,-0.038,0.2392,1.8981,0.1259,-0.1585,-0.0583,0.4161,4.6062,0.0903,-0.1402,-0.0789,0.4948,3.4752,0.1431,-0.1557
2013-11-26T18:41:59.893Z,-0.0456,0.2403,1.8942,0.1271,-0.1875,-0.0536,0.412,4.5471,0.0904,-0.1301,-0.0762,0.4879,3.3837,0.1446,-0.1526
2013-11-26T18:42:59.234Z,-0.0447,0.242,1.9015,0.1276,-0.1803,-0.0502,0.3971,4.5348,0.0882,-0.1264,-0.0855,0.494,3.3838,0.1459,-0.1655
2013-11-26T18:43:59.430Z,-0.0412,0.2386,1.8891,0.1269,-0.1634,-0.0598,0.4044,4.5306,0.0892,-0.1479,-0.0688,0.4932,3.4027,0.1451,-0.1318
2013-11-26T18:44:59.917Z,-0.0442,0.2395,1.9136,0.1254,-0.1817,-0.0638,0.4058,4.5016,0.0902,-0.1573,-0.0877,0.5085,3.4785,0.1465,-0.166
2013-11-26T18:45:59.982Z,-0.0356,0.2341,1.8726,0.125,-0.151,-0.0601,0.4103,4.616,0.0894,-0.1466,-0.0794,0.4811,3.403,0.1423,-0.1553
2013-11-26T18:46:59.077Z,-0.0399,0.2385,1.8713,0.1274,-0.1684,-0.0598,0.4091,4.5414,0.0903,-0.1462,-0.0779,0.4845,3.3933,0.1426,-0.154
2013-11-26T18:47:59.236Z,-0.0386,0.2366,1.8578,0.1275,-0.1574,-0.0567,0.3938,4.4924,0.0879,-0.1439,-0.0877,0.4937,3.3898,0.1467,-0.168
2013-11-26T18:48:59.457Z,-0.0436,0.2421,1.9023,0.1276,-0.1821,-0.0600,0.4062,4.5695,0.0896,-0.1476,-0.0888,0.4946,3.4068,0.1451,-0.173
2013-11-26T18:49:59.856Z,-0.0488,0.2383,1.9013,0.1258,-0.197,-0.0714,0.4071,4.4928,0.0914,-0.1753,-0.0909,0.4886,3.376,0.1454,-0.183
2013-11-26T18:50:59.155Z,-0.0418,0.2407,1.9078,0.1269,-0.1681,-0.0565,0.3902,4.5043,0.0872,-0.1448,-0.0924,0.4886,3.4142,0.1432,-0.1797
2013-11-26T18:51:59.650Z,-0.0404,0.2321,1.8683,0.1248,-0.1656,-0.0593,0.3993,4.5027,0.0894,-0.1484,-0.0867,0.4835,3.3783,0.1436,-0.1658
2013-11-26T18:52:59.016Z,-0.0362,0.2334,1.8579,0.1262,-0.1452,-0.0512,0.3965,4.4791,0.0891,-0.1291,-0.0904,0.4831,3.3291,0.1458,-0.1785
2013-11-26T18:53:59.132Z,-0.0382,0.2289,1.8447,0.125,-0.1564,-0.0483,0.4039,4.4346,0.0911,-0.1196,-0.087,0.4871,3.382,0.1446,-0.1708
2013-11-26T18:54:59.228Z,-0.0439,0.2378,1.8413,0.1292,-0.1676,-0.0533,0.3987,4.4796,0.0892,-0.1336,-0.0839,0.4718,3.3231,0.143,-0.1665
2013-11-26T18:55:59.529Z,-0.043,0.2364,1.8747,0.1272,-0.1752,-0.0519,0.4066,4.521,0.0902,-0.1276,-0.0898,0.499,3.4219,0.1464,-0.1694
2013-11-26T18:56:59.812Z,-0.0388,0.236,1.8712,0.1264,-0.1614,-0.0529,0.4066,4.5487,0.0896,-0.1301,-0.0805,0.482,3.3256,0.1458,-0.1611
2013-11-26T18:57:59.099Z,-0.0416,0.2355,1.8516,0.1268,-0.1599,-0.0456,0.3878,4.4113,0.088,-0.1175,-0.0826,0.4913,3.4025,0.1456,-0.1607
2013-11-26T18:58:59.218Z,-0.0348,0.2292,1.8364,0.1253,-0.1437,-0.0524,0.3946,4.5632,0.0869,-0.1329,-0.0902,0.4943,3.3922,0.1455,-0.1708
2013-11-26T18:59:59.367Z,-0.0405,0.2309,1.8235,0.1271,-0.1616,-0.0518,0.3939,4.4502,0.0887,-0.1314,-0.0706,0.4776,3.3704,0.1423,-0.1376
2013-11-26T19:00:59.520Z,-0.0363,0.2287,1.8443,0.1247,-0.1481,-0.0515,0.4036,4.4003,0.092,-0.1277,-0.0903,0.4831,3.3562,0.1436,-0.163
2013-11-26T19:01:59.738Z,-0.0388,0.2269,1.7986,0.1258,-0.1558,-0.0434,0.3959,4.4431,0.0894,-0.1095,-0.0718,0.478,3.3133,0.1448,-0.1393
2013-11-26T19:02:59.936Z,-0.0385,0.2314,1.8534,0.125,-0.153,-0.0502,0.3881,4.4231,0.0879,-0.1294,-0.0896,0.4744,3.3364,0.1427,-0.1801
2013-11-26T19:03:59.678Z,-0.034,0.2312,1.8457,0.1251,-0.1335,-0.0481,0.3867,4.4498,0.0873,-0.1245,-0.0903,0.4766,3.3149,0.144,-0.1793
2013-11-26T19:04:59.834Z,-0.0434,0.2301,1.8353,0.1259,-0.1842,-0.0646,0.4084,4.549,0.0902,-0.1581,-0.0884,0.4826,3.3636,0.1438,-0.1659
2013-11-26T19:05:59.078Z,-0.0502,0.2291,1.8324,0.1257,-0.2118,-0.0629,0.3974,4.5289,0.0886,-0.1582,-0.0862,0.4751,3.2991,0.1445,-0.1785
2013-11-26T19:06:59.509Z,-0.0387,0.2274,1.85,0.1232,-0.1646,-0.0603,0.3901,4.46,0.0883,-0.1546,-0.0879,0.4785,3.2946,0.1458,-0.1796
2013-11-26T19:07:59.063Z,-0.0369,0.2246,1.8209,0.1233,-0.1527,-0.0440,0.3877,4.4251,0.0878,-0.1136,-0.0763,0.4804,3.3444,0.1438,-0.1565
2013-11-26T19:08:59.374Z,-0.0445,0.226,1.8215,0.1251,-0.1947,-0.0567,0.4016,4.5249,0.0888,-0.1411,-0.0904,0.472,3.3357,0.1419,-0.1773
2013-11-26T19:09:59.471Z,-0.038,0.2314,1.8106,0.1276,-0.1515,-0.0433,0.3862,4.4465,0.087,-0.1122,-0.082,0.4787,3.3371,0.1437,-0.1555
2013-11-26T19:10:59.521Z,-0.0361,0.2271,1.8282,0.1238,-0.1521,-0.0390,0.3902,4.4115,0.0884,-0.0999,-0.0771,0.4701,3.3107,0.1422,-0.149
2013-11-26T19:11:59.813Z,-0.0328,0.2282,1.8217,0.1253,-0.1319,-0.0471,0.3827,4.4277,0.0868,-0.1232,-0.0923,0.4821,3.3451,0.1441,-0.1776
2013-11-26T19:12:59.833Z,-0.0402,0.2266,1.8184,0.1248,-0.1614,-0.0388,0.3798,4.3047,0.0888,-0.1022,-0.0831,0.4697,3.2619,0.1439,-0.1638
2013-11-26T19:13:59.955Z,-0.0275,0.2211,1.8063,0.1226,-0.1129,-0.0424,0.3909,4.5354,0.0864,-0.1085,-0.0856,0.4802,3.3193,0.145,-0.1688
2013-11-26T19:14:59.396Z,-0.0327,0.2185,1.802,0.1212,-0.1494,-0.0489,0.3977,4.4603,0.0897,-0.1229,-0.0801,0.4713,3.3286,0.1428,-0.1624
2013-11-26T19:15:59.553Z,-0.0395,0.2305,1.8382,0.1257,-0.1648,-0.0517,0.3919,4.4535,0.0885,-0.1318,-0.0806,0.4793,3.3236,0.1444,-0.1605
2013-11-26T19:16:59.016Z,-0.0382,0.2265,1.8403,0.1237,-0.1631,-0.0559,0.3917,4.4493,0.0882,-0.1426,-0.0785,0.4804,3.3484,0.1433,-0.1561
2013-11-26T19:17:59.088Z,-0.0441,0.2305,1.8616,0.1245,-0.1903,-0.0563,0.3859,4.4877,0.0863,-0.146,-0.0806,0.4794,3.3572,0.1434,-0.1654
2013-11-26T19:18:59.202Z,-0.0376,0.2255,1.8402,0.1229,-0.1507,-0.0446,0.3919,4.5135,0.0869,-0.1139,-0.0854,0.4836,3.3413,0.1455,-0.1673
2013-11-26T19:19:59.766Z,-0.0398,0.2286,1.8313,0.1253,-0.1654,-0.0535,0.4048,4.4739,0.0902,-0.1321,-0.0924,0.4813,3.3424,0.144,-0.1805
2013-11-26T19:20:59.907Z,-0.0415,0.2377,1.8741,0.1267,-0.1616,-0.0515,0.3882,4.4886,0.0872,-0.1326,-0.0837,0.475,3.3586,0.142,-0.1681
2013-11-26T19:21:59.015Z,-0.0453,0.2277,1.849,0.1233,-0.1942,-0.0557,0.3894,4.4716,0.0878,-0.143,-0.0792,0.4813,3.4042,0.1417,-0.1615
2013-11-26T19:22:59.118Z,-0.0341,0.2276,1.8366,0.1243,-0.1489,-0.0582,0.4004,4.5807,0.0876,-0.1454,-0.0778,0.4784,3.3753,0.1425,-0.1524
2013-11-26T19:23:59.237Z,-0.0451,0.228,1.8203,0.1258,-0.1856,-0.0478,0.4001,4.5203,0.0886,-0.1195,-0.0894,0.4853,3.3852,0.1438,-0.1771
2013-11-26T19:24:59.506Z,-0.043,0.2367,1.8651,0.1268,-0.1782,-0.0523,0.3972,4.4978,0.0888,-0.1317,-0.0841,0.4663,3.3312,0.1404,-0.1703
2013-11-26T19:25:59.769Z,-0.0395,0.2249,1.8157,0.125,-0.1703,-0.0559,0.3925,4.4704,0.0876,-0.1423,-0.0917,0.4784,3.3264,0.1448,-0.1779
2013-11-26T19:26:59.123Z,-0.0404,0.2277,1.8517,0.1234,-0.1697,-0.0567,0.3889,4.4148,0.0885,-0.1457,-0.0858,0.4659,3.3596,0.1398,-0.1761
2013-11-26T19:27:59.430Z,-0.0411,0.2299,1.8385,0.125,-0.1684,-0.0466,0.3775,4.4039,0.0866,-0.1234,-0.0819,0.4776,3.3069,0.1451,-0.1641
2013-11-26T20:27:59.344Z,16.7493,17.0113,3.4176,0.4111,-0.1104,-6.1475,503.8973,16.1959,1.9934,-0.0122,391.9685,388.7501,11.709,1.4934,-0.0556
2013-11-26T20:28:59.482Z,-0.0386,0.2229,1.7918,0.1244,-0.1613,-0.0493,0.3829,4.374,0.0875,-0.1287,-0.0857,0.4729,3.3331,0.1424,-0.1662
2013-11-26T20:29:59.603Z,-0.0344,0.225,1.82,0.1241,-0.1404,-0.0495,0.3898,4.4419,0.0879,-0.127,-0.0921,0.4693,3.3222,0.1416,-0.1745
2013-11-26T20:30:59.731Z,-0.032,0.2218,1.8182,0.1219,-0.1351,-0.0510,0.3914,4.4603,0.0879,-0.1304,-0.0813,0.4718,3.353,0.1405,-0.1569
2013-11-26T20:31:59.874Z,-0.0403,0.2245,1.8186,0.1237,-0.1694,-0.0473,0.4001,4.4816,0.0898,-0.1181,-0.0848,0.4733,3.331,0.1422,-0.1648
2013-11-26T20:32:59.995Z,-0.0368,0.2225,1.7997,0.1238,-0.1565,-0.0479,0.3872,4.3563,0.0892,-0.1237,-0.0799,0.4609,3.3311,0.1387,-0.1661
2013-11-26T20:33:59.192Z,-0.0353,0.2349,1.8575,0.126,-0.1425,-0.0577,0.4003,4.5077,0.0888,-0.1442,-0.0886,0.4781,3.3725,0.1421,-0.17
2013-11-26T20:34:59.279Z,-0.0245,0.2244,1.8249,0.1234,-0.093,-0.0266,0.3874,4.4069,0.0874,-0.0686,-0.0531,0.4583,3.3065,0.1386,-0.1037
2013-11-26T20:35:59.445Z,-0.0321,0.2267,1.8367,0.1231,-0.1269,-0.0242,0.3819,4.3793,0.087,-0.0634,-0.0623,0.459,3.283,0.14,-0.118
2013-11-26T20:36:59.549Z,-0.0305,0.2228,1.8077,0.1239,-0.1223,-0.0393,0.3869,4.3701,0.0886,-0.1015,-0.0722,0.4696,3.3773,0.1397,-0.14
2013-11-26T20:37:59.846Z,-0.0318,0.2223,1.8094,0.1228,-0.1282,-0.0474,0.3816,4.3489,0.0882,-0.1243,-0.0851,0.466,3.2829,0.1417,-0.1631
2013-11-26T20:38:59.936Z,-0.0386,0.2291,1.8416,0.124,-0.1573,-0.0502,0.3845,4.4267,0.087,-0.1305,-0.0928,0.4728,3.369,0.1404,-0.1834
2013-11-26T20:39:59.015Z,-0.0378,0.2286,1.8409,0.1251,-0.1539,-0.0509,0.3976,4.4551,0.0897,-0.128,-0.0894,0.4801,3.3393,0.1439,-0.1703
2013-11-26T20:40:59.336Z,-0.0314,0.2214,1.8153,0.1221,-0.136,-0.0426,0.3932,4.379,0.0899,-0.1084,-0.0838,0.4826,3.3598,0.1436,-0.1579
2013-11-26T20:41:59.453Z,-0.03,0.2251,1.8035,0.1249,-0.1211,-0.0466,0.3963,4.494,0.0885,-0.1177,-0.0773,0.4723,3.2999,0.1432,-0.1515
2013-11-26T20:42:59.604Z,-0.0334,0.225,1.8225,0.1241,-0.134,-0.0367,0.4024,4.4777,0.0901,-0.0912,-0.0644,0.4646,3.3402,0.1394,-0.1326
2013-11-26T20:43:59.736Z,-0.0369,0.229,1.8359,0.1249,-0.1527,-0.0526,0.4041,4.4928,0.0899,-0.1301,-0.0832,0.4867,3.4284,0.1421,-0.1602
2013-11-26T20:44:59.858Z,-0.0403,0.2272,1.8448,0.1239,-0.161,-0.0537,0.385,4.4688,0.0868,-0.1394,-0.0746,0.4714,3.339,0.1418,-0.1528
2013-11-26T20:45:59.302Z,-0.024,0.2244,1.8403,0.1215,-0.0895,-0.0489,0.3861,4.3686,0.0885,-0.1266,-0.0689,0.4628,3.3199,0.14,-0.1359
2013-11-26T20:46:59.405Z,-0.0413,0.2317,1.848,0.1259,-0.1673,-0.0528,0.4049,4.5135,0.0897,-0.1305,-0.0825,0.4831,3.3508,0.1451,-0.1592
2013-11-26T20:47:59.495Z,-0.0331,0.2302,1.836,0.1252,-0.135,-0.0604,0.4004,4.4805,0.0896,-0.1509,-0.0811,0.4704,3.3736,0.1405,-0.1627
2013-11-26T20:48:59.715Z,-0.0343,0.2216,1.8287,0.1216,-0.1451,-0.0595,0.4021,4.4926,0.0895,-0.1479,-0.079,0.4722,3.3559,0.1403,-0.1537
2013-11-26T20:49:59.967Z,-0.0401,0.2278,1.8237,0.1252,-0.1652,-0.0575,0.3856,4.4539,0.0865,-0.1492,-0.0794,0.4696,3.3014,0.143,-0.1576
2013-11-26T20:50:59.079Z,-0.0382,0.2222,1.812,0.1224,-0.1556,-0.0495,0.3935,4.398,0.0895,-0.1257,-0.0876,0.4693,3.3325,0.1415,-0.1775
2013-11-26T20:51:59.251Z,-0.036,0.2252,1.8185,0.1241,-0.1469,-0.0550,0.3962,4.43,0.0898,-0.1387,-0.084,0.467,3.3795,0.1383,-0.167
2013-11-26T20:52:59.413Z,-0.0385,0.2231,1.7989,0.1247,-0.1617,-0.0423,0.3824,4.4077,0.0873,-0.1105,-0.0875,0.4756,3.3607,0.1414,-0.1741
2013-11-26T20:53:59.501Z,-0.04,0.2285,1.829,0.125,-0.1643,-0.0502,0.394,4.4837,0.0881,-0.1273,-0.0905,0.4675,3.3075,0.1416,-0.1843
2013-11-26T20:54:59.570Z,-0.0396,0.2254,1.8269,0.1239,-0.1674,-0.0537,0.3937,4.4812,0.0882,-0.1364,-0.0862,0.4724,3.3409,0.1416,-0.1662
2013-11-26T20:55:59.667Z,-0.0419,0.2239,1.85,0.1212,-0.173,-0.0620,0.3927,4.4268,0.0889,-0.158,-0.0785,0.48,3.3904,0.1424,-0.1548
2013-11-26T20:56:59.751Z,-0.0385,0.2232,1.8298,0.1223,-0.1637,-0.0446,0.3882,4.426,0.0882,-0.115,-0.0839,0.4775,3.338,0.1439,-0.162
2013-11-26T20:57:59.956Z,-0.0427,0.2317,1.8754,0.1243,-0.1815,-0.0668,0.4065,4.5438,0.0899,-0.1644,-0.1021,0.4951,3.4442,0.1444,-0.1967
2013-11-26T20:58:59.331Z,-0.0396,0.2295,1.8572,0.1244,-0.165,-0.0644,0.4019,4.5065,0.0901,-0.1602,-0.0921,0.4956,3.4257,0.1452,-0.1798
2013-11-26T20:59:59.401Z,-0.0358,0.2268,1.8559,0.1228,-0.1584,-0.0660,0.3919,4.499,0.0877,-0.1683,-0.0992,0.4919,3.3899,0.1462,-0.1925
2013-11-26T21:00:59.457Z,-0.0442,0.229,1.8422,0.1244,-0.1871,-0.0665,0.3949,4.4585,0.089,-0.1685,-0.0962,0.4898,3.4071,0.1445,-0.1894
2013-11-26T21:01:59.742Z,-0.0429,0.2337,1.8552,0.1265,-0.1751,-0.0549,0.3979,4.4776,0.0888,-0.138,-0.0815,0.4756,3.3758,0.1415,-0.1627
2013-11-26T21:02:59.835Z,-0.0449,0.2289,1.8495,0.1244,-0.1869,-0.0556,0.3875,4.5128,0.0861,-0.1435,-0.0882,0.4796,3.3347,0.144,-0.1761
2013-11-26T21:03:59.007Z,-0.0388,0.2284,1.8392,0.1249,-0.1622,-0.0610,0.3875,4.3711,0.0889,-0.1575,-0.0804,0.4704,3.3885,0.1394,-0.1609
2013-11-26T21:04:59.076Z,-0.0459,0.2351,1.8771,0.1253,-0.1903,-0.0514,0.3929,4.4162,0.0895,-0.1307,-0.0855,0.4882,3.3973,0.1447,-0.1702
2013-11-26T21:05:59.248Z,-0.0409,0.2312,1.8412,0.1263,-0.1701,-0.0608,0.3987,4.5545,0.0882,-0.1524,-0.0808,0.4853,3.4315,0.1417,-0.1598
2013-11-26T21:06:59.311Z,-0.0386,0.2317,1.8709,0.124,-0.1632,-0.0558,0.3945,4.514,0.088,-0.1414,-0.0773,0.4729,3.3487,0.1417,-0.1511
2013-11-26T21:07:59.507Z,-0.0393,0.2224,1.8266,0.122,-0.1694,-0.0561,0.4004,4.5101,0.0892,-0.1401,-0.0837,0.4717,3.3472,0.1417,-0.173
2013-11-26T21:08:59.727Z,-0.0372,0.2273,1.8677,0.1224,-0.1549,-0.0459,0.3952,4.3738,0.0904,-0.1161,-0.0851,0.4653,3.3634,0.1391,-0.1737
2013-11-26T21:09:59.871Z,-0.0366,0.2312,1.8482,0.1251,-0.149,-0.0483,0.3858,4.3694,0.0888,-0.1253,-0.077,0.4751,3.3423,0.1422,-0.1569
2013-11-26T21:10:59.997Z,-0.0365,0.2295,1.8553,0.1245,-0.1515,-0.0453,0.3859,4.4232,0.0878,-0.1175,-0.0792,0.4695,3.3388,0.1407,-0.1561
2013-11-26T21:11:59.125Z,-0.043,0.2282,1.8296,0.1256,-0.1774,-0.0414,0.3942,4.4518,0.0885,-0.1051,-0.0706,0.4771,3.3079,0.1442,-0.1413
2013-11-26T21:12:59.203Z,-0.0409,0.2281,1.8357,0.1247,-0.166,-0.0537,0.3987,4.4939,0.0893,-0.1346,-0.0831,0.4652,3.3192,0.1406,-0.1669
2013-11-26T21:13:59.394Z,-0.039,0.2303,1.8659,0.1235,-0.165,-0.0416,0.39,4.3958,0.0889,-0.1067,-0.099,0.481,3.3899,0.1422,-0.1943
2013-11-26T21:14:59.542Z,-0.0449,0.2283,1.8335,0.1249,-0.1818,-0.0474,0.3904,4.4363,0.0878,-0.1215,-0.0837,0.4652,3.3356,0.14,-0.1629
2013-11-26T21:15:59.654Z,-0.0341,0.2271,1.8359,0.1242,-0.1338,-0.0465,0.3884,4.4332,0.0885,-0.1196,-0.0816,0.4729,3.3807,0.1405,-0.1625
2013-11-26T21:16:59.821Z,-0.0351,0.2193,1.7867,0.1231,-0.148,-0.0505,0.3983,4.4646,0.0891,-0.1269,-0.0727,0.4619,3.2863,0.1412,-0.1463
2013-11-26T21:17:59.036Z,-0.0386,0.2271,1.8564,0.1224,-0.1575,-0.0536,0.406,4.5829,0.089,-0.132,-0.0896,0.4778,3.3617,0.143,-0.1765
2013-11-26T21:18:59.156Z,-0.0395,0.2213,1.8068,0.123,-0.1712,-0.0533,0.3958,4.4649,0.0892,-0.1346,-0.0835,0.4737,3.3732,0.141,-0.1667
2013-11-26T21:19:59.385Z,-0.0454,0.2282,1.8554,0.1233,-0.1925,-0.0545,0.4001,4.5285,0.0885,-0.1363,-0.0851,0.4786,3.3689,0.1428,-0.1711
2013-11-26T21:20:59.516Z,-0.0386,0.2299,1.8685,0.1235,-0.1652,-0.0573,0.4029,4.5487,0.0888,-0.1421,-0.0803,0.482,3.3714,0.143,-0.1616
2013-11-26T21:21:59.623Z,-0.0431,0.2385,1.8854,0.127,-0.1781,-0.0593,0.4053,4.6063,0.0883,-0.1463,-0.0834,0.4742,3.3866,0.1406,-0.1665
2013-11-26T21:22:59.001Z,-0.0468,0.233,1.8801,0.1247,-0.1944,-0.0555,0.404,4.4316,0.0916,-0.1374,-0.0805,0.481,3.4053,0.1416,-0.1602
2013-11-26T21:23:59.357Z,-0.0467,0.228,1.8359,0.1247,-0.2004,-0.0537,0.4034,4.552,0.0887,-0.1332,-0.085,0.4789,3.346,0.1431,-0.1742
2013-11-26T21:24:59.645Z,-0.0431,0.2333,1.885,0.1242,-0.1773,-0.0624,0.3909,4.5394,0.0866,-0.1597,-0.0929,0.4827,3.4381,0.1413,-0.1826
2013-11-26T21:25:59.014Z,-0.038,0.231,1.8333,0.1264,-0.1619,-0.0726,0.4124,4.5433,0.091,-0.1761,-0.0861,0.4759,3.3673,0.1422,-0.1777
2013-11-26T21:26:59.344Z,-0.0439,0.2358,1.8456,0.128,-0.1838,-0.0679,0.415,4.5807,0.0908,-0.1636,-0.0839,0.4909,3.3995,0.1447,-0.1661
2013-11-26T21:27:59.655Z,-0.0432,0.2317,1.8545,0.1245,-0.1829,-0.0601,0.4036,4.534,0.089,-0.1489,-0.0822,0.4913,3.4302,0.1434,-0.1646
2013-11-26T21:28:59.040Z,-0.0438,0.2281,1.8427,0.1239,-0.1855,-0.0763,0.4143,4.5476,0.0915,-0.1841,-0.0951,0.4921,3.3834,0.1458,-0.1858
2013-11-26T21:29:59.179Z,-0.045,0.2247,1.8128,0.1244,-0.1888,-0.0589,0.4085,4.5622,0.0901,-0.1441,-0.0834,0.4753,3.32,0.143,-0.1652
2013-11-26T21:30:59.310Z,-0.0414,0.2321,1.877,0.124,-0.1704,-0.0665,0.4007,4.5377,0.0887,-0.166,-0.086,0.4924,3.4043,0.1444,-0.161
2013-11-26T21:31:59.412Z,-0.0393,0.2326,1.8759,0.1249,-0.1621,-0.0751,0.4168,4.6159,0.0907,-0.1802,-0.0788,0.4923,3.4227,0.1445,-0.1565
2013-11-26T21:32:59.531Z,-0.0429,0.2311,1.8665,0.1249,-0.1817,-0.0582,0.4006,4.5178,0.089,-0.1454,-0.0904,0.4979,3.4267,0.1458,-0.1746
2013-11-26T21:33:59.757Z,-0.0463,0.2376,1.8701,0.1273,-0.1921,-0.0610,0.4051,4.5277,0.0895,-0.1505,-0.0991,0.5037,3.4427,0.1468,-0.1909
2013-11-26T21:34:59.377Z,-0.0466,0.232,1.8553,0.1256,-0.2015,-0.0613,0.4019,4.5243,0.089,-0.1526,-0.0862,0.4961,3.3989,0.1468,-0.1662
2013-11-26T21:35:59.553Z,-0.0455,0.2406,1.879,0.1284,-0.1848,-0.0710,0.4164,4.5888,0.0911,-0.1704,-0.0813,0.4954,3.3888,0.1467,-0.1518
2013-11-26T21:36:59.759Z,-0.0397,0.2327,1.8588,0.1252,-0.1693,-0.0648,0.4037,4.5296,0.0895,-0.1605,-0.0854,0.4855,3.3986,0.1428,-0.1664
2013-11-26T21:37:59.910Z,-0.0464,0.2322,1.8614,0.1248,-0.1997,-0.0689,0.4187,4.6735,0.0899,-0.1645,-0.0861,0.4886,3.4152,0.144,-0.17
2013-11-26T21:38:59.239Z,-0.0429,0.2329,1.8641,0.1251,-0.1786,-0.0624,0.4026,4.5251,0.0889,-0.1551,-0.0842,0.4962,3.4556,0.1435,-0.1623
2013-11-26T21:39:59.309Z,-0.0461,0.2324,1.8718,0.1241,-0.1934,-0.0608,0.3962,4.5022,0.0881,-0.1535,-0.0854,0.4866,3.3415,0.1454,-0.1686
2013-11-26T21:40:59.592Z,-0.0447,0.2332,1.868,0.1253,-0.1865,-0.0699,0.4005,4.496,0.0895,-0.1746,-0.0851,0.4907,3.4686,0.1423,-0.165
2013-11-26T21:41:59.683Z,-0.0449,0.2293,1.8646,0.1239,-0.1966,-0.0623,0.4105,4.638,0.0888,-0.1518,-0.0907,0.4946,3.4254,0.145,-0.1775
2013-11-26T21:42:59.827Z,-0.0391,0.2342,1.8847,0.1244,-0.1655,-0.0732,0.4086,4.529,0.0906,-0.1792,-0.0938,0.4966,3.4657,0.1439,-0.1855
2013-11-26T21:43:59.955Z,-0.0418,0.2375,1.8693,0.1269,-0.173,-0.0614,0.4002,4.5166,0.0885,-0.1535,-0.069,0.4822,3.4094,0.1423,-0.1368
2013-11-26T21:44:59.116Z,-0.0417,0.2348,1.9009,0.1239,-0.172,-0.0602,0.4005,4.5088,0.0889,-0.1504,-0.0926,0.487,3.3865,0.1444,-0.184
2013-11-26T21:45:59.185Z,-0.0483,0.232,1.8692,0.1244,-0.2087,-0.0595,0.3973,4.5012,0.0888,-0.1497,-0.0891,0.4867,3.4215,0.1428,-0.181
2013-11-26T21:46:59.675Z,-0.049,0.2402,1.8981,0.1267,-0.1979,-0.0683,0.4107,4.5709,0.09,-0.1664,-0.0836,0.4822,3.3973,0.1426,-0.1658
2013-11-26T21:47:59.967Z,-0.0405,0.2347,1.872,0.126,-0.1686,-0.0603,0.4038,4.5383,0.0894,-0.1494,-0.0674,0.5008,3.4843,0.1445,-0.1235
2013-11-26T21:48:59.055Z,-0.0431,0.2396,1.8925,0.1273,-0.1741,-0.0626,0.4109,4.6135,0.0897,-0.1524,-0.0801,0.4775,3.3582,0.1427,-0.1657
2013-11-26T21:49:59.353Z,-0.0423,0.2368,1.8605,0.1277,-0.1722,-0.0619,0.4003,4.5241,0.0889,-0.1547,-0.081,0.4888,3.3785,0.1449,-0.1556
2013-11-26T21:50:59.512Z,-0.0439,0.2388,1.8747,0.1282,-0.1871,-0.0644,0.3942,4.4921,0.0879,-0.1633,-0.087,0.4831,3.3728,0.1436,-0.1784
2013-11-26T21:51:59.651Z,-0.0401,0.2326,1.8538,0.1255,-0.1673,-0.0629,0.408,4.5314,0.0902,-0.1542,-0.0792,0.4859,3.4139,0.1432,-0.1586
2013-11-26T21:52:59.775Z,-0.0467,0.2382,1.9055,0.1257,-0.1912,-0.0644,0.4055,4.4971,0.0905,-0.1589,-0.0802,0.4937,3.4344,0.1443,-0.1543
2013-11-26T21:53:59.912Z,-0.0462,0.2336,1.9084,0.1228,-0.1963,-0.0593,0.4106,4.5617,0.0906,-0.1444,-0.0781,0.4845,3.4193,0.1421,-0.1511
2013-11-26T21:54:59.425Z,-0.0427,0.2313,1.8925,0.1237,-0.1767,-0.0622,0.4029,4.5176,0.0894,-0.1543,-0.0865,0.4905,3.4675,0.1411,-0.1676
2013-11-26T21:55:59.478Z,-0.046,0.2364,1.8827,0.126,-0.1898,-0.0663,0.4148,4.5902,0.0902,-0.1598,-0.0808,0.4917,3.4362,0.1439,-0.1521
2013-11-26T21:56:59.610Z,-0.0437,0.2328,1.8855,0.1235,-0.1822,-0.0629,0.4124,4.5197,0.0918,-0.1526,-0.0705,0.4854,3.3756,0.1448,-0.1344
2013-11-26T21:57:59.248Z,-0.0371,0.2309,1.8706,0.1241,-0.1561,-0.0660,0.412,4.5852,0.0903,-0.1603,-0.0677,0.4945,3.4277,0.1439,-0.128
2013-11-26T21:58:59.350Z,-0.0371,0.2325,1.8599,0.1254,-0.1496,-0.0560,0.4026,4.5235,0.0893,-0.1392,-0.0775,0.487,3.4214,0.1425,-0.1539
2013-11-26T21:59:59.015Z,-0.0403,0.2315,1.8782,0.1237,-0.1685,-0.0517,0.3989,4.5309,0.088,-0.1295,-0.0758,0.4882,3.4618,0.142,-0.1508
2013-11-26T22:00:59.108Z,-0.0427,0.2293,1.8511,0.1244,-0.178,-0.0609,0.4036,4.5485,0.0893,-0.1508,-0.0895,0.4971,3.4507,0.1446,-0.176
2013-11-26T22:01:59.244Z,-0.0439,0.2372,1.896,0.1256,-0.183,-0.0680,0.4114,4.4946,0.0915,-0.1653,-0.0636,0.4879,3.4037,0.1433,-0.1233
2013-11-26T22:02:59.312Z,-0.0469,0.2378,1.8762,0.1271,-0.1945,-0.0631,0.4068,4.6593,0.088,-0.155,-0.0812,0.4968,3.4268,0.1453,-0.1558
2013-11-26T22:03:59.486Z,-0.0402,0.2426,1.9205,0.1266,-0.1623,-0.0692,0.4108,4.5966,0.0894,-0.1685,-0.0631,0.4843,3.3691,0.1441,-0.1215
2013-11-26T22:04:59.629Z,-0.0398,0.2403,1.8907,0.1274,-0.1592,-0.0574,0.4123,4.5315,0.0914,-0.1393,-0.0679,0.497,3.4238,0.145,-0.1247
2013-11-26T22:05:59.712Z,-0.0416,0.2364,1.8775,0.1263,-0.1655,-0.0607,0.4096,4.6155,0.0891,-0.1483,-0.07,0.4913,3.4426,0.1433,-0.1352
2013-11-26T22:06:59.064Z,-0.0372,0.2311,1.859,0.1246,-0.159,-0.0593,0.4053,4.4993,0.0899,-0.1463,-0.0626,0.4869,3.4426,0.1422,-0.1254
2013-11-26T22:07:59.479Z,-0.0417,0.2404,1.9012,0.1267,-0.1754,-0.0615,0.4122,4.6974,0.0883,-0.1492,-0.062,0.4853,3.4146,0.1431,-0.1229
2013-11-26T22:08:59.767Z,-0.0411,0.2357,1.8928,0.1255,-0.1641,-0.0519,0.4136,4.6241,0.0899,-0.1254,-0.0642,0.4821,3.3609,0.1438,-0.1231
2013-11-26T22:09:59.964Z,-0.0343,0.2394,1.8852,0.1273,-0.1387,-0.0626,0.4103,4.6543,0.0887,-0.1525,-0.0632,0.4971,3.4623,0.1439,-0.1188
2013-11-26T22:10:59.177Z,-0.0281,0.2384,1.8759,0.1272,-0.1079,-0.0466,0.408,4.513,0.0903,-0.1141,-0.0577,0.5013,3.4094,0.1475,-0.1051
2013-11-26T22:11:59.500Z,-0.0249,0.237,1.879,0.1266,-0.0977,-0.0389,0.4136,4.603,0.09,-0.0941,-0.0423,0.4978,3.4577,0.1444,-0.0714
2013-11-26T22:12:59.629Z,-0.0265,0.2396,1.8986,0.1266,-0.1063,-0.0430,0.4239,4.6046,0.0925,-0.1015,-0.0418,0.4885,3.43,0.1429,-0.0807
2013-11-26T22:13:59.896Z,-0.0179,0.2388,1.8934,0.1262,-0.068,-0.0363,0.4231,4.5811,0.0925,-0.0857,-0.0364,0.4981,3.4682,0.1436,-0.0666
2013-11-26T22:14:59.017Z,-0.0189,0.2374,1.8802,0.1271,-0.0656,-0.0297,0.4146,4.5526,0.0912,-0.0716,-0.0255,0.4883,3.3816,0.1445,-0.0417
2013-11-26T22:15:59.090Z,-0.0279,0.2359,1.8762,0.1267,-0.1087,-0.0563,0.4241,4.5628,0.0928,-0.1328,-0.0519,0.4999,3.5244,0.1421,-0.0927
2013-11-26T22:16:59.230Z,-0.0301,0.2357,1.891,0.1244,-0.1232,-0.0604,0.4091,4.6223,0.0885,-0.1477,-0.0542,0.4846,3.4218,0.1425,-0.1061
2013-11-26T22:17:59.398Z,-0.029,0.2371,1.9064,0.1244,-0.118,-0.0507,0.43,4.7163,0.0911,-0.1179,-0.0621,0.5043,3.4727,0.1454,-0.1106
2013-11-26T22:18:59.627Z,-0.0202,0.2395,1.9013,0.1261,-0.0749,-0.0503,0.4216,4.5445,0.0929,-0.1192,-0.0321,0.4822,3.3581,0.1442,-0.0555
2013-11-26T22:19:59.727Z,-0.0235,0.2404,1.8829,0.128,-0.0928,-0.0403,0.4256,4.6089,0.0922,-0.0946,-0.0437,0.4997,3.4128,0.1469,-0.0725
2013-11-26T22:20:59.240Z,-0.0187,0.2363,1.8839,0.1261,-0.075,-0.0388,0.4131,4.5358,0.0913,-0.0939,-0.0276,0.4994,3.4816,0.1438,-0.0399
2013-11-26T22:21:59.379Z,-0.0233,0.2382,1.902,0.1258,-0.0891,-0.0453,0.4213,4.6212,0.0911,-0.1075,-0.0342,0.4943,3.4961,0.1422,-0.0592
2013-11-26T22:22:59.545Z,-0.0262,0.2401,1.9088,0.1261,-0.104,-0.0417,0.415,4.5753,0.0911,-0.1005,-0.0415,0.4974,3.4848,0.1426,-0.0744
2013-11-26T22:23:59.849Z,-0.0221,0.2401,1.9038,0.1264,-0.0884,-0.0376,0.4252,4.6512,0.0911,-0.0885,-0.0146,0.5095,3.4798,0.1469,-0.0255
2013-11-26T22:24:59.079Z,-0.0224,0.2431,1.8806,0.1289,-0.0872,-0.0397,0.4001,4.496,0.0893,-0.0993,-0.032,0.4991,3.5009,0.1433,-0.0527
2013-11-26T22:25:59.210Z,-0.0349,0.2382,1.8812,0.1267,-0.1362,-0.0585,0.421,4.5918,0.0918,-0.139,-0.0583,0.4983,3.5057,0.143,-0.1117
2013-11-26T22:26:59.318Z,-0.0322,0.2432,1.8995,0.1284,-0.1269,-0.0549,0.4147,4.6205,0.0902,-0.1325,-0.0483,0.485,3.3381,0.1459,-0.0857
2013-11-26T22:27:59.992Z,-0.0338,0.2322,1.8714,0.1248,-0.1472,-0.0590,0.4094,4.4975,0.0907,-0.1442,-0.0719,0.5004,3.4949,0.1438,-0.1351
2013-11-26T22:28:59.189Z,-0.0349,0.2404,1.8963,0.1272,-0.1374,-0.0576,0.4115,4.6414,0.0888,-0.1399,-0.0478,0.4948,3.4575,0.1435,-0.0949
2013-11-26T22:29:59.317Z,-0.0336,0.2426,1.891,0.1286,-0.1341,-0.0394,0.4065,4.5302,0.09,-0.0969,-0.0569,0.5019,3.4281,0.1467,-0.1079
2013-11-26T22:30:59.747Z,-0.0347,0.2364,1.8925,0.1253,-0.1406,-0.0568,0.4211,4.5597,0.0932,-0.1349,-0.0545,0.498,3.4221,0.146,-0.102
2013-11-26T22:31:59.819Z,-0.0337,0.2395,1.9124,0.1256,-0.1266,-0.0558,0.4142,4.5486,0.0907,-0.1346,-0.0505,0.5002,3.4063,0.1476,-0.0938
2013-11-26T22:32:59.991Z,-0.0358,0.24,1.9032,0.1264,-0.1435,-0.0460,0.4017,4.5007,0.0892,-0.1145,-0.0568,0.4858,3.3838,0.1439,-0.1035
2013-11-26T22:33:59.305Z,-0.0287,0.2372,1.8634,0.1274,-0.114,-0.0522,0.414,4.6219,0.09,-0.1261,-0.0464,0.4917,3.3939,0.1454,-0.0775
2013-11-26T22:34:59.789Z,-0.0312,0.2388,1.871,0.1277,-0.1184,-0.0506,0.3961,4.5128,0.0881,-0.1277,-0.043,0.495,3.4281,0.1455,-0.0769
2013-11-26T22:35:59.886Z,-0.0323,0.234,1.8589,0.1263,-0.1298,-0.0647,0.4104,4.5591,0.0905,-0.1577,-0.0668,0.4951,3.4748,0.1434,-0.1203
2013-11-26T22:36:59.089Z,-0.0381,0.2353,1.8762,0.126,-0.1569,-0.0641,0.4112,4.62,0.0892,-0.1558,-0.0564,0.4889,3.4036,0.1439,-0.1097
2013-11-26T22:37:59.149Z,-0.0421,0.2418,1.8916,0.1279,-0.1624,-0.0604,0.4206,4.6485,0.0905,-0.1435,-0.0662,0.4955,3.4894,0.1423,-0.1291
2013-11-26T22:38:59.819Z,-0.0374,0.2314,1.8803,0.1232,-0.1592,-0.0604,0.4079,4.5344,0.0904,-0.148,-0.0664,0.4941,3.4182,0.1451,-0.1248
2013-11-26T22:39:59.332Z,-0.041,0.2329,1.8665,0.1256,-0.1718,-0.0704,0.406,4.482,0.0909,-0.1733,-0.0721,0.4824,3.4037,0.1424,-0.1447
2013-11-26T22:40:59.604Z,-0.0383,0.2375,1.8696,0.1271,-0.1553,-0.0549,0.4086,4.5092,0.0908,-0.1343,-0.0575,0.4885,3.38,0.1449,-0.1101
2013-11-26T22:41:59.697Z,-0.036,0.2397,1.8774,0.1278,-0.1464,-0.0611,0.4163,4.6429,0.09,-0.1468,-0.0631,0.4968,3.4394,0.145,-0.1227
2013-11-26T22:42:59.781Z,-0.0344,0.2358,1.8798,0.126,-0.1413,-0.0550,0.4098,4.5633,0.0902,-0.1341,-0.0709,0.4908,3.4251,0.1437,-0.1353
2013-11-26T22:43:59.934Z,-0.0316,0.2412,1.9059,0.1264,-0.129,-0.0525,0.4112,4.5265,0.0905,-0.1276,-0.0541,0.4932,3.3811,0.1465,-0.1061
2013-11-26T22:44:59.392Z,-0.0239,0.2352,1.8533,0.1268,-0.1009,-0.0548,0.4228,4.6275,0.0918,-0.1296,-0.0544,0.4873,3.4213,0.1433,-0.1012
2013-11-26T22:45:59.743Z,-0.0393,0.2421,1.8865,0.1285,-0.1561,-0.0607,0.409,4.5905,0.0894,-0.1484,-0.067,0.4817,3.3887,0.1429,-0.1316
2013-11-26T22:46:59.022Z,-0.0359,0.2406,1.9032,0.127,-0.1444,-0.0541,0.4165,4.6429,0.0894,-0.1299,-0.0577,0.4902,3.5202,0.1402,-0.1031
2013-11-26T22:47:59.091Z,-0.0353,0.2405,1.8882,0.1275,-0.137,-0.0586,0.4073,4.6035,0.0886,-0.1438,-0.0423,0.4971,3.4425,0.1443,-0.0753
2013-11-26T22:48:59.171Z,-0.0324,0.2343,1.8633,0.1262,-0.1361,-0.0628,0.4165,4.532,0.0921,-0.1508,-0.0561,0.4846,3.4317,0.142,-0.1087
2013-11-26T22:49:59.641Z,-0.0336,0.2371,1.8688,0.1272,-0.1361,-0.0618,0.4165,4.5883,0.091,-0.1484,-0.0499,0.489,3.3699,0.1454,-0.0933
2013-11-26T22:50:59.892Z,-0.0426,0.2371,1.8812,0.1263,-0.1774,-0.0608,0.4048,4.5279,0.0892,-0.1502,-0.0794,0.4884,3.4194,0.1436,-0.1543
2013-11-26T22:51:59.150Z,-0.0419,0.2418,1.8942,0.1283,-0.1677,-0.0693,0.412,4.5993,0.0899,-0.1682,-0.0793,0.4837,3.3689,0.1444,-0.1545
2013-11-26T22:52:59.297Z,-0.0403,0.2359,1.8485,0.1277,-0.1654,-0.0666,0.4278,4.7062,0.0913,-0.1557,-0.0662,0.4877,3.4431,0.1426,-0.1231
2013-11-26T22:53:59.808Z,-0.039,0.2353,1.8782,0.1252,-0.1637,-0.0574,0.408,4.5275,0.0904,-0.1406,-0.0575,0.4831,3.4067,0.1423,-0.1087
2013-11-26T22:54:59.256Z,-0.0418,0.2324,1.8641,0.1251,-0.1753,-0.0623,0.4157,4.6273,0.0902,-0.1499,-0.0749,0.4928,3.4788,0.1426,-0.1442
2013-11-26T22:55:59.514Z,-0.0404,0.2336,1.8539,0.1266,-0.1599,-0.0641,0.4036,4.5238,0.0896,-0.1588,-0.0794,0.4965,3.4024,0.1464,-0.1499
2013-11-26T22:56:59.014Z,-0.0441,0.2377,1.8771,0.1276,-0.1808,-0.0667,0.4117,4.5401,0.0909,-0.1621,-0.0712,0.4776,3.3275,0.1433,-0.1455
2013-11-26T22:57:59.095Z,-0.0435,0.2387,1.8783,0.1276,-0.1732,-0.0622,0.4097,4.5255,0.0907,-0.1517,-0.0713,0.4866,3.3884,0.1439,-0.1333
2013-11-26T22:58:59.158Z,-0.0421,0.2349,1.891,0.1239,-0.1674,-0.0588,0.405,4.6151,0.0881,-0.1451,-0.067,0.4788,3.4109,0.1411,-0.1336
2013-11-26T22:59:59.822Z,-0.041,0.2346,1.9071,0.1235,-0.1765,-0.0569,0.4027,4.5396,0.0891,-0.1414,-0.0588,0.491,3.3878,0.1455,-0.1109
2013-11-26T23:00:59.030Z,-0.0515,0.2383,1.8564,0.129,-0.2151,-0.0711,0.4168,4.639,0.0902,-0.1707,-0.0837,0.4785,3.3856,0.1415,-0.1689
2013-11-26T23:01:59.652Z,-0.0415,0.2361,1.8572,0.1273,-0.1671,-0.0628,0.3972,4.4882,0.089,-0.158,-0.0951,0.4951,3.43,0.1456,-0.183
2013-11-26T23:02:59.080Z,-0.0446,0.2351,1.8769,0.1254,-0.1816,-0.0618,0.4,4.5363,0.0884,-0.1545,-0.0814,0.4895,3.4028,0.1439,-0.1691
2013-11-26T23:03:59.144Z,-0.047,0.2338,1.872,0.1249,-0.1947,-0.0609,0.3965,4.4975,0.0889,-0.1537,-0.0791,0.4725,3.363,0.1406,-0.163
2013-11-26T23:04:59.921Z,-0.0473,0.2272,1.8564,0.1228,-0.2059,-0.0634,0.4074,4.5263,0.0901,-0.1555,-0.0757,0.4807,3.3757,0.1427,-0.1476
2013-11-26T23:05:59.009Z,-0.041,0.2345,1.8548,0.1265,-0.1777,-0.0663,0.3987,4.5386,0.0884,-0.1664,-0.0932,0.4951,3.4032,0.1453,-0.1769
2013-11-26T23:06:59.120Z,-0.0419,0.2384,1.8937,0.1263,-0.1769,-0.0681,0.4063,4.5875,0.089,-0.1675,-0.0815,0.4941,3.4236,0.1444,-0.1576
2013-11-26T23:07:59.539Z,-0.0441,0.2356,1.8899,0.1248,-0.1787,-0.0678,0.4078,4.4689,0.0912,-0.1662,-0.0893,0.4992,3.4814,0.1439,-0.1773
2013-11-26T23:08:59.203Z,-0.0374,0.2353,1.8808,0.1256,-0.1558,-0.0699,0.4049,4.6,0.0886,-0.1726,-0.0745,0.4673,3.2837,0.1426,-0.1569
2013-11-26T23:09:59.580Z,-0.0393,0.232,1.8487,0.1262,-0.1638,-0.0698,0.4037,4.5356,0.0891,-0.1729,-0.0648,0.4847,3.3744,0.1438,-0.1317
2013-11-26T23:10:59.299Z,-0.0445,0.2343,1.8745,0.1252,-0.1842,-0.0628,0.3965,4.5118,0.0882,-0.1584,-0.0717,0.485,3.3776,0.1437,-0.1418
2013-11-26T23:11:59.501Z,-0.0435,0.2346,1.8578,0.1268,-0.1775,-0.0646,0.4051,4.481,0.0909,-0.1595,-0.0837,0.4867,3.361,0.1445,-0.1691
2013-11-26T23:12:59.995Z,-0.0354,0.2312,1.8375,0.1263,-0.1514,-0.0691,0.3884,4.4503,0.0876,-0.1779,-0.0753,0.4807,3.3729,0.1428,-0.1478
2013-11-26T23:13:59.111Z,-0.0443,0.2338,1.8729,0.1259,-0.1829,-0.0549,0.3986,4.4742,0.0897,-0.1377,-0.069,0.4867,3.4317,0.1416,-0.1328
2013-11-26T23:14:59.027Z,-0.0437,0.2347,1.9003,0.1239,-0.1753,-0.0541,0.3949,4.4421,0.0892,-0.137,-0.0733,0.4837,3.372,0.1437,-0.1448
2013-11-26T23:15:59.759Z,-0.0416,0.232,1.8826,0.1236,-0.1728,-0.0688,0.3986,4.5663,0.0875,-0.1726,-0.0666,0.4902,3.4307,0.1431,-0.128
2013-11-26T23:16:59.518Z,-0.0403,0.2355,1.8698,0.1259,-0.1668,-0.0637,0.4034,4.6013,0.0879,-0.158,-0.0655,0.4763,3.3947,0.1406,-0.1333
2013-11-26T23:17:59.831Z,-0.036,0.2325,1.8682,0.1249,-0.1493,-0.0579,0.42,4.5513,0.0927,-0.1378,-0.0524,0.4768,3.3659,0.1431,-0.1083
2013-11-26T23:18:59.976Z,-0.0325,0.2378,1.8625,0.1285,-0.1355,-0.0521,0.4198,4.5967,0.0914,-0.124,-0.0554,0.4897,3.4328,0.1429,-0.1035
2013-11-26T23:19:59.337Z,-0.0349,0.2372,1.8854,0.1263,-0.1403,-0.0506,0.4116,4.5283,0.0914,-0.123,-0.062,0.4877,3.4288,0.1432,-0.1127
2013-11-26T23:20:59.758Z,-0.0386,0.2334,1.8879,0.1243,-0.1608,-0.0517,0.4078,4.5462,0.09,-0.1269,-0.074,0.474,3.3729,0.141,-0.149
2013-11-26T23:21:59.812Z,-0.0385,0.2221,1.8295,0.1221,-0.1721,-0.0614,0.3972,4.533,0.0878,-0.1546,-0.0625,0.4836,3.3991,0.1424,-0.1312
2013-11-26T23:22:59.593Z,-0.0423,0.2333,1.8859,0.1243,-0.1749,-0.0612,0.3911,4.5399,0.0871,-0.1566,-0.0839,0.4847,3.3883,0.1427,-0.1628
2013-11-26T23:23:59.771Z,-0.0431,0.2327,1.8754,0.1243,-0.1829,-0.0584,0.3925,4.4647,0.0881,-0.1487,-0.0898,0.4904,3.4206,0.1436,-0.1701
2013-11-26T23:24:59.118Z,-0.0403,0.2365,1.9102,0.1242,-0.1673,-0.0619,0.4034,4.5256,0.0889,-0.1535,-0.0823,0.4909,3.4024,0.1443,-0.1539
2013-11-26T23:25:59.312Z,-0.0386,0.2223,1.8458,0.1212,-0.164,-0.0583,0.4173,4.5942,0.0913,-0.1396,-0.0754,0.4698,3.3434,0.141,-0.151
2013-11-26T23:26:59.906Z,-0.0406,0.2385,1.9093,0.1252,-0.1675,-0.0599,0.3925,4.4855,0.0883,-0.1525,-0.0772,0.4817,3.3979,0.1422,-0.1535
2013-11-26T23:27:59.458Z,-0.0434,0.2323,1.8641,0.125,-0.1822,-0.0671,0.3976,4.4444,0.0899,-0.1688,-0.0747,0.4826,3.3806,0.1428,-0.1457
2013-11-26T23:28:59.065Z,-0.0438,0.233,1.896,0.1228,-0.1818,-0.0711,0.4003,4.458,0.0899,-0.1777,-0.0831,0.4862,3.3891,0.1441,-0.1609
2013-11-26T23:29:59.325Z,-0.0444,0.2405,1.8726,0.1286,-0.1899,-0.0709,0.4102,4.5694,0.0904,-0.1728,-0.079,0.4897,3.4313,0.1436,-0.1602
2013-11-26T23:30:59.667Z,-0.0424,0.2279,1.8279,0.1253,-0.1798,-0.0630,0.4083,4.5387,0.0903,-0.1544,-0.0781,0.4985,3.4409,0.145,-0.1535
2013-11-26T23:31:59.243Z,-0.0445,0.2338,1.87,0.1254,-0.1818,-0.0614,0.4026,4.5062,0.09,-0.1525,-0.0866,0.4855,3.3755,0.1443,-0.1733
2013-11-26T23:32:59.385Z,-0.0446,0.228,1.8645,0.1227,-0.1869,-0.0694,0.4108,4.5288,0.0907,-0.169,-0.0819,0.4813,3.4176,0.1413,-0.1618
2013-11-26T23:33:59.112Z,-0.0474,0.236,1.9094,0.1237,-0.1977,-0.0701,0.4136,4.5874,0.0903,-0.1695,-0.0816,0.4893,3.3753,0.1452,-0.1655
2013-11-26T23:34:59.280Z,-0.04,0.2317,1.8609,0.1247,-0.1722,-0.0576,0.3903,4.5012,0.0872,-0.1476,-0.0833,0.4757,3.4047,0.1407,-0.1705
2013-11-26T23:35:59.114Z,-0.0482,0.2351,1.8764,0.1252,-0.1953,-0.0563,0.4023,4.4844,0.0899,-0.1399,-0.0803,0.4766,3.329,0.1435,-0.1647
2013-11-26T23:36:59.250Z,-0.0454,0.2303,1.8419,0.1255,-0.1854,-0.0614,0.3931,4.5004,0.0877,-0.1563,-0.084,0.4854,3.3757,0.1434,-0.1695
2013-11-26T23:37:59.542Z,-0.0448,0.2312,1.8665,0.1241,-0.1871,-0.0674,0.4027,4.5136,0.0895,-0.1674,-0.0842,0.4753,3.3141,0.1436,-0.1734
2013-11-26T23:38:59.713Z,-0.0397,0.2343,1.8952,0.1234,-0.1644,-0.0616,0.4096,4.5156,0.0912,-0.1504,-0.0842,0.4882,3.407,0.1434,-0.1679
2013-11-26T23:39:59.912Z,-0.0471,0.232,1.8669,0.125,-0.1967,-0.0749,0.4026,4.4227,0.091,-0.1861,-0.0773,0.485,3.3749,0.1446,-0.1482
2013-11-26T23:40:59.618Z,-0.0494,0.2349,1.8859,0.1242,-0.2018,-0.0651,0.4039,4.5028,0.0897,-0.1613,-0.0775,0.4653,3.3328,0.1403,-0.1629
2013-11-26T23:41:59.861Z,-0.045,0.2315,1.8618,0.1251,-0.1898,-0.0671,0.4086,4.5824,0.0895,-0.1643,-0.0865,0.4799,3.3507,0.1438,-0.1668
2013-11-26T23:42:59.804Z,-0.0472,0.2339,1.9094,0.1235,-0.2018,-0.0558,0.4008,4.5182,0.0892,-0.1393,-0.0856,0.4713,3.3064,0.1423,-0.1714
2013-11-26T23:43:59.964Z,-0.0457,0.2327,1.8689,0.1249,-0.1856,-0.0640,0.4088,4.6448,0.088,-0.1566,-0.0634,0.4775,3.3549,0.1421,-0.127
2013-11-26T23:44:59.824Z,-0.039,0.2376,1.8846,0.1263,-0.1608,-0.0602,0.4113,4.5501,0.0909,-0.1464,-0.0713,0.4882,3.4096,0.1437,-0.1407
2013-11-26T23:45:59.959Z,-0.0428,0.2313,1.8527,0.1252,-0.1885,-0.0657,0.42,4.5741,0.0917,-0.1565,-0.0801,0.4987,3.4232,0.1464,-0.1519
2013-11-26T23:46:59.187Z,-0.0403,0.2378,1.8986,0.125,-0.1709,-0.0674,0.4118,4.6152,0.0894,-0.1636,-0.0962,0.4923,3.422,0.1439,-0.1892
2013-11-26T23:47:59.350Z,-0.0404,0.2351,1.8847,0.1258,-0.1675,-0.0509,0.4001,4.4468,0.0901,-0.1272,-0.0767,0.4918,3.4193,0.1444,-0.1507
2013-11-26T23:49:59.187Z,-0.0375,0.229,1.8396,0.1251,-0.1588,-0.0560,0.4105,4.5522,0.0901,-0.1365,-0.0799,0.4787,3.3805,0.1424,-0.1595
2013-11-26T23:50:59.749Z,-0.0377,0.2336,1.8868,0.1244,-0.1538,-0.0602,0.4059,4.5167,0.0906,-0.1482,-0.0846,0.4859,3.3956,0.1434,-0.1696
2013-11-26T23:51:59.025Z,-0.0348,0.2295,1.8701,0.1232,-0.1445,-0.0569,0.4083,4.6344,0.0887,-0.1394,-0.0771,0.4933,3.4723,0.1423,-0.1483
2013-11-26T23:52:59.163Z,-0.0322,0.2341,1.8693,0.1258,-0.1351,-0.0549,0.4191,4.5977,0.0916,-0.131,-0.0684,0.498,3.4027,0.1468,-0.1304
2013-11-26T23:53:59.369Z,-0.0316,0.2425,1.8798,0.1292,-0.1287,-0.0480,0.4121,4.5899,0.0905,-0.1165,-0.0616,0.4884,3.4283,0.1426,-0.1177
2013-11-26T23:54:59.972Z,-0.0359,0.2385,1.9054,0.1249,-0.1452,-0.0538,0.4148,4.6264,0.0895,-0.1297,-0.0561,0.4882,3.4181,0.143,-0.1149
2013-11-26T23:55:59.334Z,-0.035,0.2354,1.8698,0.126,-0.1379,-0.0473,0.4068,4.5074,0.0905,-0.1162,-0.0643,0.4938,3.4178,0.1447,-0.1286
2013-11-26T23:56:59.965Z,-0.0372,0.2316,1.8591,0.1245,-0.155,-0.0522,0.4106,4.4948,0.092,-0.1272,-0.0806,0.4975,3.4322,0.1458,-0.1574
2013-11-26T23:57:59.460Z,-0.0387,0.2301,1.8494,0.1251,-0.1658,-0.0567,0.4003,4.5055,0.089,-0.1417,-0.0688,0.4844,3.4029,0.1426,-0.136
2013-11-26T23:58:59.641Z,-0.0393,0.237,1.8944,0.1256,-0.1604,-0.0502,0.4087,4.5226,0.0907,-0.1228,-0.0757,0.4872,3.3875,0.1441,-0.1466
2013-11-26T23:59:59.206Z,-0.0345,0.2377,1.886,0.1261,-0.1415,-0.0573,0.4102,4.5656,0.0902,-0.1397,-0.0577,0.4857,3.386,0.144,-0.1132
