2014-01-13T17:04:59.116Z,142.5875,230.8712,227.4654,4.956,0.1309,157.3056,232.7668,222.8609,4.8437,0.4607,159.016,237.7321,226.7218,0.7591,0.6556
2014-01-13T17:05:59.243Z,-2.0407,10.528,230.8167,0.0448,-0.1967,7.1253,15.4341,229.0034,0.0682,0.4623,12.1555,17.3664,233.9369,0.0709,0.7
2014-01-13T17:06:59.418Z,-1.9663,12.0914,229.8417,0.0529,-0.1707,6.9768,15.5715,228.9531,0.0688,0.45,12.1718,17.7923,234.2818,0.0733,0.6868
2014-01-13T17:07:59.554Z,-2.1036,10.4794,232.1759,0.0448,-0.1997,7.409,15.397,228.6977,0.0685,0.4804,12.0519,17.259,233.0813,0.0704,0.6985
2014-01-13T17:08:59.704Z,-2.0043,11.1156,230.75,0.048,-0.1869,7.2216,15.9527,229.7018,0.0707,0.4589,12.1109,17.4186,232.746,0.072,0.697
2014-01-13T17:09:59.881Z,-2.0245,11.019,230.6061,0.0476,-0.189,6.9765,15.9174,230.4655,0.0705,0.448,12.1618,17.7591,233.4564,0.0728,0.6947
2014-01-13T17:11:59.254Z,-1.8741,10.0834,230.4223,0.0432,-0.1852,7.1352,15.7287,231.6752,0.069,0.4553,12.0731,17.3649,233.3365,0.0711,0.6959
2014-01-13T17:12:59.409Z,-1.9391,10.0639,229.9352,0.0432,-0.1933,7.0696,15.5705,231.9185,0.0681,0.4559,12.0978,17.5035,233.8024,0.0717,0.6966
2014-01-13T17:13:59.771Z,-2.1756,10.6812,230.0707,0.0455,-0.2063,6.9115,16.0854,232.0899,0.0698,0.4418,12.0657,17.7854,234.2488,0.0725,0.6893
2014-01-13T17:14:59.878Z,-1.899,9.633,230.0465,0.0412,-0.1964,6.9238,15.2334,231.7027,0.0667,0.4543,12.214,17.4135,234.6261,0.0713,0.7017
2014-01-13T17:15:59.974Z,-1.9662,9.7872,230.2793,0.042,-0.1997,7.1076,15.383,231.0617,0.0676,0.4624,12.1673,17.3762,234.2576,0.0707,0.7003
2014-01-13T17:16:59.020Z,-1.9271,9.8239,230.3347,0.0418,-0.1941,7.121,15.3207,230.6276,0.0673,0.4645,12.1761,17.2946,234.3271,0.07,0.7038
2014-01-13T17:17:59.121Z,-2.0078,9.7639,229.9035,0.0419,-0.2048,6.8883,15.1968,230.4322,0.0663,0.4534,12.1884,17.3348,234.0791,0.0707,0.7033
2014-01-13T17:18:59.242Z,-1.9079,9.7682,229.9404,0.0415,-0.1943,7.0261,15.1823,229.4103,0.0669,0.4627,12.114,17.2483,233.3466,0.0705,0.7023
2014-01-13T17:19:59.457Z,-1.9846,9.8039,229.8849,0.0418,-0.201,6.8957,15.1071,229.3453,0.0665,0.456,12.0916,17.2297,233.1709,0.0702,0.702
2014-01-13T17:20:59.600Z,-1.8907,9.685,229.5562,0.0418,-0.1944,6.9478,15.1378,229.4947,0.0668,0.4587,12.1344,17.1716,232.2439,0.0709,0.707
2014-01-13T17:21:59.749Z,-1.8662,9.5886,229.203,0.0413,-0.1939,6.894,15.0829,229.9419,0.0662,0.4568,12.0907,17.1379,231.634,0.0709,0.7055
2014-01-13T17:22:59.870Z,-2.0467,9.8334,228.9697,0.0432,-0.2061,6.6905,14.9997,229.7451,0.0655,0.4457,12.1328,17.2163,232.197,0.0713,0.7049
2014-01-13T17:23:59.034Z,-1.891,9.7505,227.459,0.0425,-0.1925,6.5253,14.8442,229.6308,0.064,0.4391,12.0336,17.1897,231.9179,0.0711,0.7001
2014-01-13T17:24:59.259Z,-1.9359,9.6445,227.7079,0.0419,-0.1987,6.645,14.9339,229.6417,0.0651,0.4441,12.1395,17.2706,233.0903,0.0707,0.7029
2014-01-13T17:25:59.527Z,-1.957,9.6929,228.1172,0.042,-0.2006,6.7291,14.9533,228.4755,0.0657,0.4501,12.1369,17.2837,233.1522,0.0709,0.7019
2014-01-13T17:26:59.644Z,-1.9651,9.7359,229.5499,0.0414,-0.2007,6.8622,14.9273,227.6382,0.0664,0.4591,12.1306,17.2363,232.8348,0.0705,0.7041
2014-01-13T17:27:59.724Z,-2.0245,9.8572,231.191,0.0418,-0.204,7.0419,14.9374,226.13,0.0668,0.4713,12.1084,17.2355,232.597,0.0706,0.7023
2014-01-13T17:28:59.769Z,-2.0477,9.8753,229.417,0.0422,-0.2071,6.8417,14.8327,226.534,0.0662,0.4606,12.1217,17.2083,232.6851,0.0702,0.7043
2014-01-13T17:29:59.899Z,-1.7906,9.4029,226.9274,0.0412,-0.1888,6.439,14.6828,227.1061,0.0643,0.4383,12.1599,17.2791,233.5945,0.0705,0.7038
2014-01-13T17:30:59.034Z,-1.8629,9.3953,226.422,0.0404,-0.1968,6.3205,14.4427,227.2934,0.0626,0.4374,12.1271,17.2034,232.7457,0.0705,0.7046
2014-01-13T17:31:59.155Z,-1.9011,9.523,228.775,0.0412,-0.1984,6.7303,14.7751,226.5191,0.0654,0.4548,11.9968,17.0898,231.34,0.0701,0.7016
2014-01-13T17:32:59.200Z,-2.1545,9.9183,231.8964,0.042,-0.2164,7.0827,14.9666,226.98,0.0668,0.4731,12.0683,17.1604,231.7365,0.0704,0.703
2014-01-13T17:33:59.291Z,-2.1427,9.9559,231.4095,0.0422,-0.2139,7.1478,15.0848,227.3401,0.0676,0.4728,11.9824,17.0604,231.01,0.0701,0.7019
2014-01-13T17:34:59.393Z,-1.9728,9.8464,229.7538,0.0419,-0.1978,6.876,14.9647,227.8738,0.0661,0.4594,11.9632,17.052,231.0352,0.0703,0.7015
2014-01-13T17:35:59.587Z,-2.0046,9.8611,228.8894,0.0423,-0.202,6.7796,14.9964,228.4356,0.0662,0.4515,12.0618,17.1745,231.973,0.0706,0.7023
2014-01-13T17:36:59.827Z,-1.9856,9.5287,229.6701,0.041,-0.2076,6.7674,14.9196,228.0063,0.0655,0.4534,12.0562,17.0867,231.2856,0.0701,0.7055
2014-01-13T17:37:59.977Z,-2.1888,10.0185,231.3059,0.0428,-0.2173,7.0453,15.022,227.6794,0.0662,0.4683,11.9964,17.0566,230.662,0.0704,0.7035
2014-01-13T17:38:59.087Z,-2.1265,9.8966,231.3749,0.0417,-0.2141,7.1503,15.0858,227.7421,0.0668,0.4738,12.0297,17.0679,230.7717,0.0702,0.7045
2014-01-13T17:39:59.195Z,-2.0385,9.8106,231.095,0.0418,-0.2064,7.0491,15.1235,228.2939,0.0673,0.4656,11.983,17.023,230.4297,0.0701,0.7039
2014-01-13T17:40:59.343Z,-1.9278,9.5416,229.3203,0.0411,-0.2003,6.6195,14.7956,228.5557,0.0643,0.4464,12.0216,17.1065,231.3871,0.0701,0.7027
2014-01-13T17:41:59.718Z,-2,9.7643,230.1866,0.0422,-0.2031,6.9652,15.0747,228.1286,0.0671,0.4617,11.9755,17.1189,231.072,0.0705,0.6995
2014-01-13T17:42:59.837Z,-2.0913,9.9161,232.0489,0.0419,-0.2097,7.2485,15.1866,227.5991,0.068,0.4771,11.9761,17.0906,231.1277,0.0703,0.7005
2014-01-13T17:43:59.951Z,-2.0702,9.8797,231.3916,0.0427,-0.2082,7.0444,15.0616,228.165,0.0668,0.4672,12.0252,17.1479,232.0073,0.0705,0.7012
2014-01-13T17:44:59.088Z,-1.9718,9.6343,227.2858,0.0421,-0.2035,6.4316,14.6342,228.3814,0.0635,0.4393,12.0752,17.1653,232.4425,0.0701,0.7038
2014-01-13T17:45:59.329Z,-1.8531,9.3511,225.2702,0.041,-0.1965,6.1768,14.4682,228.7457,0.0624,0.4268,12.1689,17.325,233.4938,0.0709,0.7032
2014-01-13T17:46:59.412Z,-1.9313,9.6027,225.3278,0.0419,-0.2004,6.234,14.5565,228.379,0.0637,0.4279,12.1487,17.2565,233.5757,0.0703,0.7045
2014-01-13T17:47:59.514Z,-1.962,9.5122,225.0891,0.0415,-0.2057,6.1579,14.4843,229.0688,0.0621,0.4244,12.1313,17.2903,233.8962,0.0701,0.7023
2014-01-13T17:48:59.559Z,-2.0991,9.7939,226.4309,0.0426,-0.2134,6.4428,14.5678,228.0662,0.0631,0.442,12.0798,17.2129,232.3983,0.0705,0.7028
2014-01-13T17:49:59.629Z,-2.0273,9.5919,225.3794,0.042,-0.2102,6.1337,14.2337,227.9785,0.0611,0.4301,12.1565,17.2587,232.7426,0.0707,0.7047
2014-01-13T17:50:59.711Z,-2.0418,9.7385,225.9042,0.0425,-0.2084,6.324,14.4774,227.3174,0.0628,0.4365,12.0922,17.1773,231.8644,0.0703,0.7046
2014-01-13T17:51:59.959Z,-1.9406,9.4363,227.6604,0.0417,-0.2041,6.5014,14.6545,227.6676,0.0638,0.4432,11.9874,17.0147,230.4086,0.0704,0.7043
2014-01-13T17:52:59.135Z,-2.0709,9.9461,229.2395,0.043,-0.2073,6.7848,14.896,227.4951,0.0664,0.4543,11.9274,17.0108,230.1484,0.0703,0.7014
2014-01-13T17:53:59.342Z,-2.2227,10.109,230.5295,0.0432,-0.2183,6.9411,15.052,228.3597,0.0665,0.4604,11.9006,17.0122,229.5812,0.0707,0.6995
2014-01-13T17:54:59.435Z,-2.2005,10.238,230.5266,0.0435,-0.2146,6.9198,15.064,228.1459,0.0667,0.4593,11.9593,17.1768,230.8363,0.0716,0.6971
2014-01-13T17:55:59.547Z,-2.1635,10.2164,229.4266,0.0445,-0.2098,6.7615,14.9804,227.6077,0.0664,0.451,11.9941,17.1687,231.5041,0.0713,0.6982
2014-01-13T17:56:59.652Z,-1.94,9.573,226.9566,0.0415,-0.201,6.4481,14.6853,227.6391,0.0643,0.4388,12.0628,17.1217,231.7474,0.0701,0.7047
2014-01-13T17:57:59.738Z,-1.9781,9.6529,228.1699,0.0414,-0.2029,6.693,14.7797,227.6593,0.0651,0.4523,12.0618,17.1499,231.3121,0.0706,0.7035
2014-01-13T17:58:59.815Z,-2.0626,9.8794,230.0704,0.0424,-0.2085,6.9356,14.929,227.5739,0.0659,0.4642,12.0099,17.0955,231.1629,0.0702,0.7029
2014-01-13T17:59:59.923Z,-2.1219,10.0431,229.4372,0.0431,-0.2107,6.7737,14.8656,227.8246,0.0656,0.4549,12.0167,17.0877,231.2085,0.0706,0.7031
2014-01-13T18:00:59.091Z,-2.1588,9.8613,228.1243,0.0426,-0.2182,6.6044,14.7562,229.1098,0.0641,0.4473,12.0829,17.1725,231.8756,0.0709,0.704
2014-01-13T18:01:59.221Z,-1.997,9.7505,228.435,0.0416,-0.2036,6.5946,14.7934,228.9846,0.0644,0.4452,12.0453,17.1838,231.4595,0.0706,0.7011
2014-01-13T18:02:59.328Z,-1.9211,9.5378,228,0.0415,-0.2,6.5578,14.8952,228.7305,0.0647,0.4402,12.004,17.0814,231.1741,0.0705,0.7031
2014-01-13T18:03:59.396Z,-2.0588,9.8276,230.4297,0.0422,-0.2088,6.9655,14.9437,227.6568,0.0661,0.4661,11.9368,16.9934,229.9948,0.0702,0.7028
2014-01-13T18:04:59.565Z,-2.0856,9.825,229.9235,0.0421,-0.2098,6.8531,14.9748,227.9157,0.0657,0.4579,11.8736,17.0588,230.0987,0.0705,0.697
2014-01-13T18:05:59.694Z,-2.162,10.0845,230.3567,0.043,-0.2138,6.9441,14.936,226.726,0.0665,0.4647,11.8535,17.0254,230.0284,0.0703,0.6963
2014-01-13T18:06:59.941Z,-2.0548,9.8236,230.0332,0.0424,-0.2084,6.8421,14.8398,226.3647,0.066,0.461,11.9152,16.9795,229.1193,0.0703,0.7019
2014-01-13T18:07:59.046Z,-1.9005,9.517,227.0968,0.042,-0.1985,6.3057,14.6106,227.4547,0.0642,0.4311,11.9411,16.9695,229.5853,0.0701,0.7039
2014-01-13T18:08:59.187Z,-2.027,9.7854,229.0668,0.0418,-0.2054,6.5481,14.7159,226.6433,0.0655,0.4449,11.9156,16.9939,229.7299,0.0702,0.7019
2014-01-13T18:09:59.389Z,-2.2238,10.0661,230.3147,0.0433,-0.2196,6.7688,14.6769,224.9654,0.0653,0.4612,11.9809,16.9841,229.9506,0.0701,0.7054
2014-01-13T18:10:59.461Z,-2.114,10.0633,230.5552,0.0437,-0.2096,6.9633,14.8326,224.8613,0.0668,0.4696,11.9208,17.0638,230.2301,0.0704,0.6992
2014-01-13T18:11:59.581Z,-1.994,9.8807,230.9494,0.0421,-0.2006,6.9887,14.9419,225.1719,0.0678,0.468,11.8966,17.0437,230.6853,0.0703,0.698
2014-01-13T18:12:59.711Z,-1.9273,9.8053,230.9363,0.0419,-0.1959,7.045,14.9913,225.5199,0.0673,0.4699,11.8545,16.9888,230.2832,0.0701,0.6977
2014-01-13T18:13:59.824Z,-2.0202,9.7116,228.3485,0.0419,-0.2068,6.5732,14.6693,226.2997,0.0646,0.4477,12.0251,17.1378,231.1282,0.0705,0.7022
2014-01-13T18:14:59.029Z,-1.9524,9.7633,228.9568,0.0417,-0.1987,6.6865,14.8724,227.0062,0.0657,0.4494,12.0442,17.0958,231.3071,0.0702,0.7045
2014-01-13T18:15:59.137Z,-2.2434,10.1901,230.7177,0.0439,-0.2187,7.0534,15.1555,226.6115,0.0681,0.4657,12.0168,16.9984,229.8157,0.0702,0.7071
2014-01-13T18:16:59.331Z,-2.1753,10.0806,230.9611,0.0437,-0.2153,7.1651,15.1886,226.4398,0.0682,0.472,12.0549,17.0495,230.6079,0.07,0.7069
2014-01-13T18:17:59.400Z,-2.2083,10.1897,230.7405,0.0435,-0.2164,7.0606,15.1497,226.4248,0.068,0.4669,12.0334,17.0794,230.2854,0.071,0.7052
2014-01-13T18:18:59.500Z,-2.1068,9.8325,228.0585,0.0423,-0.2132,6.6555,14.8918,226.4299,0.0665,0.4471,12.0704,17.0681,230.683,0.0703,0.7076
2014-01-13T18:19:59.643Z,-2.0155,9.998,228.38,0.0438,-0.2013,6.7351,14.9647,226.4703,0.0668,0.4498,12.0845,17.0883,231.0069,0.0702,0.7078
2014-01-13T18:20:59.812Z,-2.1776,10.0291,230.3215,0.0428,-0.216,6.9044,15.0004,226.2873,0.0673,0.4598,12.015,17.0674,230.2085,0.0704,0.7047
2014-01-13T18:21:59.930Z,-2.1909,10.0813,230.7035,0.0436,-0.2172,7.0289,15.0894,225.8316,0.0674,0.4656,12.0691,17.085,230.6693,0.0701,0.7063
2014-01-13T18:22:59.068Z,-2.257,10.212,230.2612,0.0442,-0.2196,7.0413,15.1389,226.0398,0.0681,0.4651,12.0596,17.1996,231.0641,0.071,0.7022
2014-01-13T18:23:59.117Z,-2.2637,10.1488,230.8547,0.0437,-0.2217,7.0957,15.2,226.472,0.068,0.4671,12.0432,17.1391,231.3845,0.0705,0.7031
2014-01-13T18:24:59.229Z,-2.1405,9.9869,229.932,0.0423,-0.2135,6.8817,15.0664,226.3969,0.067,0.4566,12.1189,17.1452,231.7161,0.0703,0.7069
2014-01-13T18:25:59.336Z,-2.1157,9.949,229.2318,0.0431,-0.2116,6.7521,14.8865,223.4978,0.0671,0.4534,12.1855,17.2343,232.4141,0.0706,0.7068
2014-01-13T18:26:59.563Z,-2.1104,10.1488,232.0327,0.0432,-0.2076,7.1232,15.0231,223.1819,0.0685,0.4743,12.066,17.1647,231.629,0.0704,0.7033
2014-01-13T18:27:59.740Z,-2.2605,10.2365,231.9401,0.0434,-0.2201,7.1506,15.1068,223.5404,0.069,0.4731,12.0289,17.0873,230.9843,0.07,0.704
2014-01-13T18:28:59.907Z,-2.2201,10.2436,231.1531,0.0441,-0.2152,7.0887,15.1195,224.1288,0.0691,0.4687,12.0715,17.0938,231.0111,0.0704,0.7065
2014-01-13T18:29:59.979Z,-2.27,10.3323,231.286,0.0447,-0.2185,39.6283,51.0201,224.4803,0.228,0.5951,12.0895,17.1779,231.6614,0.0706,0.7038
2014-01-13T18:30:59.168Z,1157.0154,1215.1278,224.8457,5.4224,0.8229,1585.0602,1733.6379,223.1727,7.77,0.9068,1188.5164,1252.2086,230.7548,5.4285,0.9353
2014-01-13T18:31:59.348Z,1272.1612,1348.6163,221.2343,6.0961,0.9424,1721.2826,1860.0538,225.8923,8.2347,0.9257,1382.2248,1427.4466,230.6884,6.188,0.9695
2014-01-13T18:32:59.462Z,1273.2865,1339.1046,223.0766,6.0033,0.9511,1752.6484,1894.6171,226.1329,8.3783,0.9248,1359.6652,1413.9881,229.2225,6.1688,0.9608
2014-01-13T18:33:59.565Z,1309.5755,1367.045,226.2838,6.0412,0.958,1778.4275,1936.1903,225.3408,8.5921,0.9197,1344.8497,1404.87,228.556,6.1468,0.9588
2014-01-13T18:34:59.678Z,1315.9863,1380.5313,225.9428,6.1105,0.9526,1772.9308,1933.2372,224.8749,8.5968,0.9178,1363.2832,1423.4086,228.9406,6.2173,0.9594
2014-01-13T18:35:59.787Z,1327.4787,1391.0889,226.7458,6.1346,0.9543,1781.2461,1943.5115,224.8482,8.6439,0.9173,1368.795,1429.3373,229.2304,6.2353,0.9588
2014-01-13T18:36:59.900Z,1348.4935,1406.8545,227.3266,6.1887,0.9596,1789.4891,1965.2066,224.6103,8.7495,0.9102,1349.3218,1413.726,228.702,6.1815,0.9539
2014-01-13T18:37:59.012Z,1353.7044,1412.7688,226.9124,6.2268,0.9592,1795.8455,1976.8213,224.8379,8.7924,0.9079,1347.0771,1415.5301,228.3908,6.1981,0.9512
2014-01-13T18:38:59.091Z,1375.2359,1444.4599,225.3579,6.4093,0.9503,1762.4871,1948.6693,224.6025,8.6761,0.9041,1374.4785,1431.2865,230.503,6.2096,0.96
2014-01-13T18:39:59.293Z,1399.8045,1461.5475,227.4019,6.4271,0.9569,1776.2005,1971.6824,224.1809,8.7952,0.9008,1361.5852,1419.5257,230.5043,6.1585,0.9596
2014-01-13T18:40:59.363Z,1410.1739,1469.6613,228.7873,6.4239,0.96,1787.526,1983.9988,224.7124,8.8291,0.9005,1366.8524,1425.4509,230.1786,6.193,0.96
2014-01-13T18:41:59.647Z,1386.4438,1447.8886,228.3426,6.341,0.9592,1786.5608,1972.1291,225.0258,8.7635,0.9066,1373.3655,1433.1985,229.9632,6.2326,0.9597
2014-01-13T18:42:59.792Z,1374.3728,1438.8412,228.419,6.2986,0.9555,1780.7461,1958.6478,225.0201,8.7047,0.9084,1385.8053,1443.626,230.3138,6.2686,0.96
2014-01-13T18:43:59.886Z,1349.4653,1417.5204,227.7248,6.2246,0.9505,1797.9204,1962.8788,226.0177,8.6845,0.916,1403.7586,1466.2168,230.2405,6.3682,0.9589
2014-01-13T18:44:59.032Z,1314.3154,1370.2781,227.993,6.0101,0.96,1767.7177,1914.3992,226.7052,8.4442,0.9222,1375.8444,1426.6077,230.4276,6.1912,0.9649
2014-01-13T18:45:59.266Z,1300.1696,1365.6785,225.9169,6.0456,0.953,1740.0558,1888.9417,226.3142,8.3458,0.9197,1378.7823,1429.4303,230.1398,6.2115,0.9644
2014-01-13T18:46:59.400Z,1298.6101,1374.8971,223.4499,6.153,0.9432,1702.7087,1859.3705,224.3132,8.2896,0.9162,1378.2736,1427.0254,231.1879,6.1726,0.9671
2014-01-13T18:47:59.608Z,1307.0069,1373.7222,225.6314,6.0883,0.9497,1723.7898,1885.8535,223.278,8.4465,0.9139,1355.0724,1409.8362,230.3774,6.1199,0.9606
2014-01-13T18:48:59.743Z,1293.9926,1366.567,224.4109,6.0896,0.946,1727.6432,1885.1731,224.2149,8.4095,0.9152,1369.7205,1427.6141,230.1426,6.2031,0.96
2014-01-13T18:49:59.852Z,1278.8352,1367.1886,222.1707,6.1539,0.9366,1712.0783,1862.4672,225.9086,8.2439,0.9199,1407.6548,1462.5266,230.115,6.3555,0.9607
2014-01-13T18:50:59.947Z,1289.7088,1373.1537,223.7102,6.1386,0.9398,1732.6986,1885.3051,225.9473,8.3441,0.9197,1405.1661,1463.5131,229.7647,6.3698,0.96
2014-01-13T18:51:59.047Z,1290.5369,1368.9125,224.4029,6.1004,0.9429,1760.7808,1913.566,226.589,8.4451,0.92,1398.3874,1463.776,229.1853,6.387,0.9558
2014-01-13T18:52:59.294Z,1300.8034,1370.1162,226.0245,6.062,0.9489,1795.1896,1950.9438,227.0211,8.5943,0.92,1385.8934,1459.413,228.4743,6.3879,0.9499
2014-01-13T18:53:59.446Z,1276.6297,1349.7838,223.7989,6.0311,0.946,1806.1875,1954.2285,228.5262,8.5515,0.9235,1391.2787,1471.9023,228.0656,6.453,0.9452
2014-01-13T18:54:59.566Z,1285.9615,1364.14,223.3617,6.1072,0.9438,1802.67,1956.3042,228.0871,8.5773,0.9202,1399.1664,1480.3778,228.3351,6.4828,0.945
2014-01-13T18:55:59.711Z,1272.5089,1365.3301,221.0187,6.1772,0.93,1757.6982,1910.1024,227.2144,8.4067,0.92,1416.9925,1490.5735,228.961,6.5102,0.95
2014-01-13T18:56:59.925Z,1310.3877,1381.9456,225.9852,6.1152,0.9484,1827.2057,1995.8253,226.4163,8.8149,0.9157,1378.126,1470.0822,227.1439,6.4722,0.9367
2014-01-13T18:57:59.026Z,1339.9648,1398.8378,228.7704,6.1146,0.96,1840.0046,2017.5507,226.0809,8.9247,0.91,1356.3292,1446.1589,227.1206,6.3677,0.9391
2014-01-13T18:58:59.108Z,1357.1148,1414.831,229.1143,6.1755,0.9596,1823.1843,2012.8351,224.3748,8.9716,0.9039,1341.5932,1429.1775,227.3633,6.2858,0.9392
2014-01-13T18:59:59.183Z,1378.4374,1429.9618,230.5159,6.2035,0.9621,1840.607,2033.6191,223.7896,9.0871,0.9051,1336.9251,1425.1386,228.3699,6.2403,0.9392
2014-01-13T19:00:59.400Z,1390.2374,1442.2766,230.8437,6.2474,0.9622,1849.5266,2041.6286,224.2365,9.1047,0.9067,1351.3611,1437.5081,229.1719,6.2728,0.94
2014-01-13T19:01:59.505Z,1371.3755,1428.4616,229.031,6.2372,0.9592,1832.7022,2027.4993,223.5564,9.069,0.9043,1342.123,1432.7945,228.0105,6.2835,0.9368
2014-01-13T19:02:59.632Z,1370.1287,1435.3715,228.4882,6.2824,0.9542,1804.3632,2000.6512,223.0155,8.971,0.901,1356.5711,1440.4274,228.0087,6.3175,0.9412
2014-01-13T19:03:59.766Z,1341.5925,1410.4387,227.7515,6.1929,0.9509,1841.5468,2020.0224,225.8272,8.945,0.91,1382.0754,1475.3979,227.2699,6.4916,0.9376
2014-01-13T19:04:59.909Z,1354.8799,1417.7964,228.4347,6.2067,0.9564,1851.4212,2038.5848,225.4805,9.041,0.9097,1363.3977,1460.759,226.8763,6.4388,0.9322
2014-01-13T19:05:59.087Z,1368.8778,1431.6763,228.6289,6.2619,0.9579,1856.4126,2046.6553,225.791,9.0644,0.9071,1368.9555,1464.7503,227.53,6.4378,0.9341
2014-01-13T19:06:59.227Z,1366.4701,1435.6782,227.5697,6.3088,0.9537,1847.0152,2036.8363,225.7232,9.0233,0.907,1382.0953,1476.7312,227.9641,6.4774,0.9369
2014-01-13T19:07:59.295Z,1367.0638,1443.8803,226.7477,6.3679,0.9472,1838.9776,2026.5502,226.2264,8.9582,0.9083,1403.8217,1494.905,228.5652,6.5402,0.9392
2014-01-13T19:08:59.371Z,1377.8354,1444.8709,228.8449,6.3138,0.952,1866.6618,2059.4255,226.2439,9.1027,0.9084,1386.9042,1485.3343,227.623,6.5258,0.933
2014-01-13T19:09:59.757Z,1399.8252,1465.9765,229.0811,6.3998,0.9551,1845.7652,2056.1578,224.3072,9.1676,0.898,1366.2723,1463.5689,227.5458,6.432,0.9329
2014-01-13T19:10:59.896Z,1385.8985,1453.6735,229.1743,6.3427,0.9526,1863.5646,2066.1532,224.1162,9.2195,0.9004,1373.9214,1478.5538,227.4447,6.5007,0.93
2014-01-13T19:11:59.965Z,1371.4923,1447.9343,228.0335,6.3498,0.9483,1848.2276,2050.3157,223.2961,9.182,0.902,1381.6736,1488.3009,227.0323,6.5554,0.9291
2014-01-13T19:12:59.178Z,1345.1266,1427.9572,227.7867,6.2687,0.9414,1873.79,2058.2066,224.788,9.1562,0.9108,1413.393,1526.005,226.9795,6.7234,0.9265
2014-01-13T19:13:59.342Z,1351.4641,1439.7353,227.8724,6.3178,0.94,1868.24,2051.7602,225.3628,9.1043,0.9101,1432.7737,1540.0439,227.2777,6.7762,0.93
2014-01-13T19:14:59.514Z,1363.6174,1446.0983,227.9866,6.3435,0.9424,1878.0758,2070.0225,225.4422,9.182,0.9075,1414.2458,1525.916,226.8804,6.7257,0.9274
2014-01-13T19:15:59.661Z,1402.312,1471.2652,229.9196,6.3985,0.9518,1887.7222,2098.7157,224.8738,9.3329,0.9,1380.9703,1493.6009,226.3991,6.5976,0.9242
2014-01-13T19:16:59.703Z,1406.8617,1474.4743,229.7406,6.4183,0.9533,1904.1081,2116.1663,225.341,9.3913,0.8988,1381.6999,1499.111,226.503,6.6181,0.9214
2014-01-13T19:17:59.902Z,1405.0649,1475.8529,229.195,6.4385,0.9524,1899.5253,2113.8576,225.0064,9.3946,0.8972,1382.7301,1501.9442,226.3585,6.6355,0.9205
2014-01-13T19:18:59.062Z,1401.8107,1480.5747,228.7821,6.4712,0.9489,1886.7889,2098.0108,225.0203,9.3237,0.8982,1403.3058,1518.357,226.4265,6.7054,0.9236
2014-01-13T19:19:59.264Z,1383.6053,1471.2037,227.6995,6.4614,0.9398,1886.9122,2089.5153,225.8689,9.2514,0.9026,1425.8792,1541.5763,226.4102,6.8088,0.9248
2014-01-13T19:20:59.503Z,1377.4459,1468.3668,227.6132,6.4508,0.9396,1899.1195,2095.0228,226.3811,9.2543,0.9068,1441.7321,1559.6329,226.6982,6.8805,0.9241
2014-01-13T19:21:59.555Z,1386.5056,1478.2109,227.6347,6.4937,0.9397,1903.0802,2099.7928,226.688,9.263,0.9074,1450.7333,1566.5887,227.2781,6.8933,0.9265
2014-01-13T19:22:59.630Z,1390.8485,1481.1465,227.9217,6.4984,0.9397,1918.5607,2112.2375,227.2475,9.2947,0.9091,1459.1599,1576.3279,227.7501,6.921,0.9258
2014-01-13T19:23:59.037Z,1375.8308,1468.0479,227.3595,6.4574,0.9378,1936.8612,2122.0292,227.8596,9.3128,0.9112,1468.9477,1592.2111,228.0923,6.9801,0.9233
2014-01-13T19:24:59.241Z,1371.2636,1480.5668,224.8827,6.5836,0.9268,1897.8289,2084.432,227.6838,9.1545,0.9114,1493.0909,1607.2825,228.7209,7.0264,0.9291
2014-01-13T19:25:59.428Z,1391.7629,1494.3268,226.8716,6.5863,0.9316,1906.9672,2102.5619,227.0494,9.2601,0.907,1482.4017,1597.8298,228.2501,7.0001,0.9275
2014-01-13T19:26:59.727Z,1405.0917,1501.6102,228.1392,6.5818,0.9363,1923.5995,2124.1766,227.1694,9.3506,0.9062,1473.2872,1592.5161,227.7557,6.9922,0.9252
2014-01-13T19:27:59.850Z,1395.8287,1486.6963,228.2107,6.5146,0.94,1949.8614,2149.2276,227.793,9.4349,0.9079,1457.893,1589.273,226.7883,7.0075,0.9178
2014-01-13T19:28:59.081Z,1390.1339,1479.4553,228.0029,6.4887,0.94,1968.0989,2162.8397,228.0784,9.4833,0.91,1458.8015,1596.2916,226.97,7.0327,0.9138
2014-01-13T19:29:59.241Z,1397.1693,1491.34,227.9872,6.5414,0.9374,1961.0432,2154.57,228.2996,9.4376,0.91,1478.5536,1609.0155,227.7417,7.0651,0.9195
2014-01-13T19:30:59.285Z,1417.0953,1511.2382,228.4609,6.6148,0.9392,1954.9088,2153.1757,227.7752,9.4529,0.9077,1486.0714,1610.3747,228.7555,7.0399,0.9214
2014-01-13T19:31:59.615Z,1418.0513,1530.009,225.8616,6.7742,0.9266,1899.8511,2106.0123,226.9637,9.279,0.9005,1504.5076,1616.8312,228.8972,7.0638,0.93
2014-01-13T19:32:59.729Z,1447.9582,1554.2004,226.4934,6.8623,0.9313,1874.1443,2106.1212,224.2214,9.3932,0.89,1465.7094,1577.2047,228.4522,6.9037,0.9286
2014-01-13T19:34:59.291Z,1478.0021,1568.8011,228.8757,6.854,0.9423,1897.173,2143.0684,224.1425,9.5618,0.886,1436.6358,1553.5103,227.5437,6.8274,0.9248
2014-01-13T19:35:59.392Z,1426.562,1536.2691,225.2554,6.82,0.9288,1918.1134,2133.117,227.4486,9.378,0.8996,1492.3513,1614.6043,228.089,7.0786,0.9236
2014-01-13T19:36:59.617Z,1434.0591,1527.6486,228.321,6.6912,0.9391,1976.1219,2183.6599,228.2499,9.567,0.9051,1484.616,1617.8087,228.0384,7.0943,0.9186
2014-01-13T19:37:59.729Z,1426.9235,1531.6159,226.815,6.7533,0.9314,1952.2082,2159.8063,227.8485,9.4793,0.902,1499.1223,1628.0533,228.2696,7.1325,0.9225
2014-01-13T19:38:59.844Z,1422.1001,1545.3073,224.887,6.8714,0.9206,1916.8692,2120.141,227.4669,9.321,0.9045,1538.3325,1654.8559,229.859,7.1991,0.9299
2014-01-13T19:39:59.083Z,1423.7495,1535.7677,227.0527,6.7641,0.9286,1958.223,2157.1827,228.444,9.443,0.9093,1530.3489,1655.9184,229.0786,7.2287,0.9235
2014-01-13T19:40:59.170Z,1424.8375,1536.3357,227.3061,6.7588,0.929,1965.7804,2164.3539,228.7943,9.4596,0.9095,1532.5303,1659.6519,229.0432,7.2461,0.9225
2014-01-13T19:41:59.272Z,1448.2599,1557.5366,228.0478,6.83,0.93,1957.0598,2165.0065,228.4173,9.4783,0.9034,1529.5425,1651.1313,229.1858,7.2043,0.9274
2014-01-13T19:42:59.438Z,1441.4323,1553.7471,228.2499,6.8072,0.9294,1955.4751,2161.7025,227.9522,9.4832,0.9047,1533.933,1656.8484,228.7825,7.2422,0.9259
2014-01-13T19:43:59.527Z,1436.4417,1560.8072,227.1683,6.8712,0.9213,1941.6947,2141.6134,227.9748,9.394,0.9082,1564.7404,1681.2395,230.1188,7.3059,0.9322
2014-01-13T19:44:59.691Z,1443.4133,1569.7154,226.9381,6.9167,0.9194,1935.1425,2137.9898,228.0029,9.3775,0.9057,1569.1239,1682.5452,230.4248,7.302,0.9318
2014-01-13T19:45:59.800Z,1469.2801,1585.8701,227.8424,6.9603,0.9262,1939.832,2153.1779,228.126,9.438,0.9004,1552.7557,1664.1777,230.3601,7.224,0.9324
2014-01-13T19:46:59.881Z,1463.7584,1587.5347,226.8244,6.999,0.9202,1928.8912,2140.8189,228.0406,9.3878,0.9,1563.1233,1673.3555,230.5537,7.2575,0.9333
2014-01-13T19:47:59.996Z,1470.1623,1582.8401,227.9104,6.9449,0.9275,1953.2498,2168.9001,228.1285,9.5075,0.9,1542.1182,1659.9587,229.9211,7.2196,0.9293
2014-01-13T19:48:59.094Z,1480.3291,1583.8801,229.7952,6.8927,0.9349,1972.9587,2192.548,227.5662,9.6349,0.8999,1526.0808,1649.734,229.4548,7.1899,0.9258
2014-01-13T19:49:59.139Z,1473.4019,1583.4882,229.1794,6.909,0.93,1959.3142,2178.0598,226.9053,9.5991,0.9,1534.3559,1656.2585,229.561,7.2155,0.9278
2014-01-13T19:50:59.348Z,1473.9679,1586.2399,228.766,6.9338,0.93,1951.7037,2174.3224,226.5172,9.5988,0.8978,1531.372,1653.9049,229.3136,7.2126,0.9259
2014-01-13T19:51:59.514Z,1485.8133,1600.492,228.3394,7.0094,0.9296,1935.2176,2166.4812,226.1148,9.5815,0.892,1528.2878,1646.9856,229.3297,7.1818,0.9298
2014-01-13T19:52:59.611Z,1464.9879,1581.2321,227.0116,6.9657,0.9278,1944.1221,2172.3537,226.6455,9.5847,0.8952,1520.395,1648.8758,228.214,7.225,0.9214
2014-01-13T19:53:59.662Z,1454.8501,1572.8972,226.3857,6.9482,0.9249,1949.0594,2174.9389,226.9353,9.5841,0.8983,1520.4473,1653.1374,227.8308,7.2555,0.92
2014-01-13T19:54:59.917Z,1457.0248,1574.4867,226.6251,6.9472,0.9255,1952.2586,2180.2229,227.2074,9.5958,0.8965,1517.6644,1652.3186,227.3129,7.2688,0.9191
2014-01-13T19:55:59.224Z,1459.5666,1575.8782,226.7548,6.9495,0.9275,1951.3434,2182.7712,226.7352,9.627,0.8929,1512.0032,1647.7052,227.1781,7.2524,0.9189
2014-01-13T19:56:59.393Z,1474.4332,1584.6742,227.9386,6.9522,0.9299,1957.2442,2195.1358,226.1263,9.7071,0.8901,1500.2832,1637.6844,227.1072,7.211,0.9173
2014-01-13T19:57:59.729Z,1451.7223,1578.0623,225.0724,7.0112,0.9201,1936.4575,2166.7762,226.4288,9.5693,0.8913,1524.4079,1659.4985,227.6776,7.2887,0.92
2014-01-13T19:58:59.813Z,1460.51,1575.792,227.4331,6.9292,0.9275,1964.3955,2196.4492,226.4265,9.7008,0.8929,1510.2923,1652.1082,226.9732,7.2786,0.9141
2014-01-13T19:59:59.902Z,1478.6559,1589.0293,229.2446,6.931,0.9304,1976.1868,2206.631,226.681,9.7345,0.897,1521.494,1657.5097,227.8434,7.2749,0.9178
2014-01-13T20:00:59.983Z,1492.072,1596.9194,230.303,6.9341,0.934,1993.8688,2220.5827,227.1594,9.7752,0.8994,1530.1591,1663.1778,228.7296,7.2717,0.9197
2014-01-13T20:01:59.060Z,1484.7985,1597.3684,228.6953,6.9848,0.93,1973.593,2199.9888,226.1295,9.7282,0.8971,1537.286,1667.5122,229.4973,7.2664,0.9215
2014-01-13T20:02:59.454Z,1490.3759,1607.0666,228.356,7.0374,0.9294,1957.6919,2187.9909,225.383,9.7081,0.8945,1539.1582,1665.8309,229.6606,7.2538,0.9224
2014-01-13T20:03:59.592Z,1487.6779,1607.8777,228.0685,7.05,0.9258,1953.0818,2182.6143,225.2957,9.6882,0.8946,1545.3104,1671.3136,229.5817,7.2798,0.9241
2014-01-13T20:04:59.786Z,1486.3097,1605.1389,228.0803,7.0373,0.9275,1955.5343,2187.5431,225.0129,9.7217,0.8928,1538.1118,1667.5132,229.1728,7.2765,0.921
2014-01-13T20:05:59.892Z,1505.935,1624.2005,228.5277,7.108,0.9268,1941.8302,2183.533,224.6633,9.7188,0.89,1533.6208,1657.3117,229.1995,7.2309,0.926
2014-01-13T20:06:59.028Z,1512.6121,1626.5947,229.0219,7.1026,0.9299,1953.5975,2198.0395,225.5799,9.7446,0.8898,1529.5002,1655.0129,228.7442,7.2349,0.924
2014-01-13T20:07:59.193Z,1510.6322,1631.8553,228.2018,7.1507,0.9266,1935.9129,2179.981,225.266,9.6774,0.8898,1541.8677,1661.9662,229.2546,7.25,0.9299
2014-01-13T20:08:59.283Z,1505.9777,1626.0174,227.8191,7.1378,0.9272,1941.7217,2186.1973,225.4806,9.6959,0.8897,1534.7177,1659.3178,228.7459,7.2535,0.9248
2014-01-13T20:09:59.364Z,1499.6536,1618.2525,227.7311,7.1064,0.9283,1960.9791,2199.0223,226.2249,9.7204,0.89,1538.9986,1668.3983,228.9279,7.2882,0.9205
2014-01-13T20:10:59.416Z,1515.0895,1624.9679,228.5925,7.1083,0.9315,1960.5734,2211.5038,224.8353,9.8365,0.8847,1509.6307,1643.0697,228.5527,7.1892,0.9195
2014-01-13T20:11:59.645Z,1526.7201,1634.9422,229.0888,7.1368,0.9314,1952.0281,2211.3324,223.5897,9.8903,0.8805,1500.2958,1633.028,228.7705,7.1382,0.9199
2014-01-13T20:12:59.761Z,1500.2887,1631.1648,226.2574,7.2097,0.9198,1922.6749,2169.5128,223.8867,9.6904,0.8874,1542.5956,1667.5795,229.693,7.2601,0.9268
2014-01-13T20:14:59.150Z,1487.7164,1609.4132,227.6439,7.0704,0.9255,1978.1155,2209.0217,226.3869,9.758,0.897,1550.4612,1686.5919,229.1601,7.3598,0.9197
2014-01-13T20:15:59.313Z,1498.4624,1612.0085,228.4153,7.0569,0.9299,1996.1305,2230.1459,227.1043,9.8202,0.8962,1540.6356,1679.7938,228.8413,7.3406,0.9186
2014-01-13T20:16:59.516Z,1510.0511,1626.2814,227.5303,7.1473,0.9299,1964.8314,2215.7485,225.4841,9.8261,0.8887,1520.5323,1658.0149,228.1921,7.266,0.9188
2014-01-13T20:18:59.139Z,1518.9934,1638.271,227.7279,7.1938,0.9289,1953.0202,2207.7611,225.168,9.8051,0.8848,1527.7276,1659.9394,228.4168,7.2671,0.9201
2014-01-13T20:19:59.498Z,1528.4372,1651.5351,228.1522,7.2386,0.9251,1936.0713,2197.1305,224.6597,9.7795,0.8805,1532.0942,1659.2981,228.1826,7.2715,0.9218
2014-01-13T20:20:59.633Z,1515.4059,1644.5915,227.9359,7.2151,0.92,1938.0505,2190.633,224.9658,9.7385,0.8848,1548.8716,1676.5342,228.0889,7.3508,0.9232
2014-01-13T20:21:59.741Z,1511.5872,1634.6237,228.3157,7.1591,0.9249,1969.0655,2213.4952,226.1057,9.7899,0.8896,1551.2166,1684.569,228.4615,7.3734,0.92
2014-01-13T20:22:59.887Z,1498.757,1631.5203,226.2743,7.2103,0.9184,1959.1514,2198.1881,226.4872,9.7054,0.89,1567.7228,1699.0267,229.2824,7.4105,0.9222
2014-01-13T20:23:59.981Z,1503.0134,1642.2283,225.3966,7.2858,0.9152,1932.3154,2178.1114,224.8258,9.688,0.8848,1566.3934,1693.3189,229.9929,7.3624,0.9251
2014-01-13T20:24:59.228Z,1540.472,1675.0154,226.3768,7.3998,0.9213,1894.898,2165.8391,220.7849,9.81,0.8746,1535.8544,1655.9312,231.0354,7.1675,0.9274
2014-01-13T20:25:59.328Z,1567.4948,1682.8183,229.2855,7.3392,0.9309,1922.2131,2204.4471,220.5059,9.9974,0.8704,1503.6004,1629.8673,230.3686,7.0743,0.9216
2014-01-13T20:26:59.508Z,1560.5447,1667.627,230.3153,7.2405,0.935,1964.5737,2236.4926,222.4245,10.0554,0.8783,1504.7516,1640.1325,229.9365,7.1325,0.918
2014-01-13T20:27:59.589Z,1535.7083,1642.8826,229.8355,7.1482,0.9346,1987.7113,2249.4965,222.9698,10.0887,0.8822,1503.4598,1650.6943,229.251,7.2003,0.9106
2014-01-13T20:28:59.936Z,1540.2528,1641.8618,230.017,7.1383,0.9391,1992.4824,2261.2229,222.6932,10.154,0.88,1484.2975,1637.0954,228.5766,7.1617,0.9077
2014-01-13T20:29:59.064Z,1549.253,1656.2567,230.0302,7.1999,0.9362,1976.1579,2247.2549,223.0953,10.0732,0.8797,1499.4942,1642.6244,228.787,7.1801,0.9124
2014-01-13T20:30:59.200Z,1569.8859,1680.1522,230.4845,7.2897,0.9339,1950.865,2230.5486,222.6118,10.0197,0.8746,1507.2979,1638.3448,229.19,7.1486,0.9199
2014-01-13T20:31:59.298Z,1567.1535,1678.9666,229.7725,7.3073,0.9315,1938.4684,2224.4074,221.8835,10.0246,0.8709,1496.3591,1629.6661,228.5263,7.1317,0.9189
2014-01-13T20:32:59.483Z,1568.8577,1681.8714,229.2814,7.3353,0.9305,1932.5911,2219.7496,222.1645,9.9908,0.87,1498.991,1629.4847,228.4569,7.1325,0.92
2014-01-13T20:33:59.809Z,1562.3159,1680.9005,228.7884,7.3472,0.9301,1924.561,2207.8592,221.8392,9.9524,0.87,1510.1559,1638.0598,228.9272,7.1555,0.9207
2014-01-13T20:34:59.946Z,1547.3456,1669.4053,228.7171,7.2992,0.9277,1932.749,2206.9615,222.2123,9.9317,0.8747,1520.2675,1651.6672,228.7508,7.2206,0.9202
2014-01-13T20:35:59.083Z,1538.3399,1676.6919,227.0723,7.3845,0.9168,1902.9991,2172.1035,222.1249,9.7789,0.8771,1551.2127,1672.0315,229.7758,7.2769,0.9274
2014-01-13T20:36:59.162Z,1523.8633,1666.2842,226.7675,7.3491,0.913,1916.3622,2174.0673,223.7471,9.7166,0.8801,1571.5657,1692.9826,229.6395,7.3723,0.9276
2014-01-13T20:37:59.266Z,1546.2871,1671.6242,229.4103,7.2869,0.9251,1945.9104,2207.4063,224.2333,9.8442,0.88,1553.3988,1677.6631,229.4475,7.3123,0.9267
2014-01-13T20:38:59.391Z,1556.0126,1673.8138,229.8609,7.2817,0.9295,1962.9386,2226.3793,225.2123,9.8859,0.8811,1544.0146,1670.4436,229.5245,7.2778,0.9232
2014-01-13T20:39:59.468Z,1580.7005,1694.0266,230.5584,7.3475,0.9316,1951.1755,2227.2509,224.5682,9.9182,0.8777,1532.7956,1653.7353,229.7425,7.1978,0.9285
2014-01-13T20:40:59.537Z,1596.995,1706.773,230.974,7.3895,0.9374,1943.2587,2228.2977,224.4315,9.9282,0.8702,1523.6497,1640.9937,229.8882,7.1388,0.93
2014-01-13T20:41:59.693Z,1564.5744,1680.3255,230.31,7.2959,0.9325,1965.6649,2230.3502,226.587,9.8442,0.88,1548.7033,1671.8446,229.1572,7.2958,0.9283
2014-01-13T20:42:59.024Z,1549.3124,1674.0548,230.0276,7.2774,0.9264,1964.4776,2215.0733,227.1697,9.7507,0.8891,1579.9611,1698.769,229.8076,7.3923,0.93
2014-01-13T20:43:59.179Z,1551.497,1676.6401,230.0177,7.2888,0.9242,1949.3884,2208.4886,225.5357,9.7925,0.8817,1564.3496,1684.4718,229.4523,7.3416,0.9299
2014-01-13T20:44:59.264Z,1568.6722,1688.8615,230.3316,7.3323,0.93,1932.5142,2207.1629,223.6275,9.8691,0.8772,1538.0759,1657.8145,229.4411,7.2259,0.9288
2014-01-13T20:45:59.343Z,1560.9983,1679.2504,230.0244,7.3001,0.93,1942.2056,2213.9027,223.9585,9.8855,0.8792,1533.3146,1657.2732,229.1448,7.2323,0.9254
2014-01-13T20:46:59.526Z,1553.3579,1671.2801,229.3525,7.287,0.93,1937.8885,2211.9903,223.3192,9.9046,0.8776,1519.9422,1648.6366,228.5597,7.2133,0.9204
2014-01-13T20:47:59.664Z,1547.4801,1662.6345,229.1556,7.2556,0.93,1950.6587,2221.1013,223.5154,9.9377,0.879,1514.9558,1648.3025,228.626,7.2101,0.9196
2014-01-13T20:48:59.030Z,1521.6123,1640.8922,228.3541,7.1856,0.9288,1964.5227,2222.5195,224.103,9.9177,0.8831,1524.4137,1664.3711,228.2864,7.2903,0.9171
2014-01-13T20:49:59.317Z,1528.0749,1650.6202,228.5814,7.221,0.9266,1954.7875,2212.1729,224.2752,9.8633,0.883,1538.1617,1670.6887,228.8446,7.3003,0.9211
2014-01-13T20:50:59.376Z,1541.1005,1661.3996,228.9729,7.2554,0.9287,1950.2602,2213.36,224.1047,9.8765,0.8803,1533.5898,1663.0516,229.0915,7.2597,0.9208
2014-01-13T20:51:59.458Z,1545.7957,1664.4591,229.3603,7.2573,0.93,1947.6647,2214.1315,223.9476,9.8872,0.88,1529.8037,1658.4979,228.8108,7.2479,0.9207
2014-01-13T20:52:59.918Z,1542.6303,1659.6511,229.1832,7.2416,0.9299,1951.8929,2219.711,224.0525,9.9072,0.8803,1522.3782,1654.8123,228.5417,7.2408,0.9198
2014-01-13T20:53:59.160Z,1562.203,1672.7862,229.5751,7.2862,0.933,1947.2937,2226.578,223.3829,9.968,0.8757,1503.0041,1634.3648,228.6852,7.1468,0.9204
2014-01-13T20:54:59.242Z,1593.1192,1701.5743,230.1048,7.3952,0.9376,1928.4848,2222.4696,223.0095,9.9657,0.8694,1497.236,1619.1182,229.329,7.0604,0.9248
2014-01-13T20:55:59.444Z,1569.5435,1700.1525,227.0032,7.4895,0.9246,1899.1613,2180.2509,224.1662,9.7271,0.8723,1545.6677,1657.1312,230.3603,7.1939,0.9313
2014-01-13T20:56:59.604Z,1551.0113,1676.1125,227.9183,7.3545,0.9271,1937.7922,2204.6407,225.7716,9.7643,0.8799,1548.2047,1669.2654,229.496,7.2733,0.9272
2014-01-13T20:57:59.673Z,1546.4011,1666.7039,228.8744,7.2824,0.9299,1957.2406,2218.444,225.6787,9.8301,0.8818,1545.9488,1672.2833,229.4571,7.2881,0.9233
2014-01-13T20:58:59.782Z,1545.0457,1672.8879,229.135,7.3005,0.9236,1947.1755,2203.5793,225.6301,9.7665,0.8835,1569.0871,1689.277,229.9896,7.3451,0.93
2014-01-13T20:59:59.871Z,1544.2489,1673.3682,229.0531,7.3053,0.9234,1947.3461,2201.9043,225.8533,9.7496,0.8847,1573.2022,1692.5286,229.9654,7.3599,0.93
2014-01-13T21:00:59.072Z,1556.4142,1679.0657,229.1536,7.327,0.929,1939.8274,2205.684,224.5029,9.8248,0.88,1547.4386,1668.5957,229.5391,7.2695,0.9286
2014-01-13T21:01:59.216Z,1534.0215,1660.596,228.4322,7.2692,0.923,1953.1364,2207.9164,225.2546,9.8018,0.8867,1557.7155,1684.649,229.1315,7.3522,0.9237
2014-01-13T21:02:59.485Z,1536.3874,1660.203,228.6391,7.2611,0.926,1962.5562,2216.577,225.6775,9.822,0.8858,1556.6311,1684.8578,229.1049,7.3538,0.9217
2014-01-13T21:03:59.605Z,1554.2801,1676.0187,229.1486,7.3137,0.929,1958.4515,2217.5248,225.7651,9.8229,0.8812,1560.2504,1682.3116,229.7603,7.3223,0.9287
2014-01-13T21:04:59.704Z,1540.6003,1664.7295,229.0095,7.2688,0.9255,1962.5629,2218.2669,225.5586,9.8346,0.8837,1559.3285,1686.9411,229.038,7.3652,0.9241
2014-01-13T21:05:59.900Z,1541.5986,1663.9401,229.1376,7.2621,0.9285,1966.7115,2223.8385,225.2596,9.8725,0.8826,1552.7509,1683.1068,228.9777,7.3504,0.921
2014-01-13T21:06:59.182Z,1528.4585,1651.357,228.9378,7.2132,0.9258,1981.2193,2230.8164,225.5811,9.8889,0.889,1557.3853,1693.5004,228.9308,7.3976,0.92
2014-01-13T21:07:59.487Z,1528.5312,1656.7312,229.182,7.2292,0.9214,1977.0971,2222.7729,225.9504,9.8382,0.8899,1575.7849,1707.072,229.2324,7.4465,0.922
2014-01-13T21:08:59.805Z,1529.6647,1664.3029,229.2011,7.2615,0.9202,1973.1687,2212.5726,226.4404,9.771,0.8908,1602.7049,1726.6673,230.1978,7.5012,0.9297
2014-01-13T21:09:59.911Z,1532.8557,1673.2266,229.0615,7.3049,0.9172,1961.1371,2200.7761,226.2884,9.726,0.8907,1614.5225,1734.0783,230.5387,7.5221,0.93
2014-01-13T21:10:59.280Z,1523.1216,1660.7301,228.7437,7.2605,0.9178,1964.2726,2207.1323,225.5488,9.7851,0.89,1593.6013,1721.0861,229.4622,7.5009,0.9262
2014-01-13T21:11:59.707Z,1538.6324,1668.5166,229.3117,7.2768,0.9205,1967.9003,2219.7074,225.2334,9.8552,0.8892,1576.5001,1704.9922,229.3023,7.4359,0.9251
2014-01-13T21:12:59.779Z,1531.8174,1657.6901,229.3821,7.2266,0.9226,1985.1895,2234.8239,225.5429,9.9087,0.8885,1567.5724,1703.7788,228.6901,7.45,0.92
2014-01-13T21:13:59.917Z,1504.1077,1632.167,228.0668,7.1567,0.9203,2012.7289,2246.3557,226.5349,9.9162,0.8984,1578.1895,1724.6083,229.1989,7.5247,0.9145
2014-01-13T21:14:59.028Z,1497.9779,1630.8423,226.9799,7.1854,0.9163,2009.2013,2241.7807,227.062,9.873,0.8987,1583.5507,1730.4673,229.2372,7.5483,0.9142
2014-01-13T21:15:59.192Z,1494.2773,1636.9691,225.5,7.2594,0.9127,1983.4991,2219.2089,226.4682,9.7998,0.8939,1592.1927,1734.0477,229.4503,7.5572,0.9195
2014-01-13T21:16:59.303Z,1500.5003,1646.9499,226.3531,7.2762,0.9108,1977.8808,2212.094,226.3785,9.7718,0.8925,1607.0159,1743.6146,229.7948,7.5875,0.9215
2014-01-13T21:17:59.682Z,1499.6942,1650.7947,225.8215,7.3102,0.9098,1982.317,2210.1667,227.6866,9.7067,0.8975,1631.1312,1763.1895,230.744,7.641,0.9255
2014-01-13T21:18:59.817Z,1518.1604,1649.4497,228.4105,7.2218,0.9185,2020.7651,2255.8117,227.5281,9.9147,0.8966,1596.9253,1740.6561,229.7187,7.5774,0.9187
2014-01-13T21:19:59.980Z,1525.2905,1651.179,228.928,7.2126,0.9224,2025.3754,2266.7142,227.2111,9.9766,0.8914,1582.4066,1729.6659,229.3048,7.5434,0.9146
2014-01-13T21:20:59.089Z,1535.5034,1665.4862,229.1463,7.2682,0.92,2016.7165,2256.5211,227.4548,9.921,0.8935,1602.4785,1740.4663,230.2747,7.5585,0.92
2014-01-13T21:21:59.188Z,1521.5078,1653.1111,228.5267,7.2339,0.92,2021.5416,2259.1772,227.8024,9.917,0.8947,1598.2242,1742.2134,229.445,7.5929,0.9186
2014-01-13T21:22:59.327Z,1522.1843,1654.1248,228.0247,7.2544,0.9192,2017.2775,2259.2645,227.6599,9.9237,0.8923,1590.2688,1735.7901,229.1923,7.5731,0.9168
2014-01-13T21:23:59.435Z,1505.6264,1657.7075,225.5949,7.3482,0.9101,1982.7646,2217.0382,227.8453,9.7304,0.8933,1626.2948,1761.6072,229.9913,7.6591,0.9223
2014-01-13T21:24:59.506Z,1521.9144,1670.1732,226.3754,7.378,0.9126,1977.2583,2215.8143,227.7599,9.7295,0.8906,1624.3047,1753.438,230.1437,7.6185,0.9268
2014-01-13T21:25:59.577Z,1542.4101,1683.4105,227.992,7.3837,0.9182,1978.8637,2225.1147,227.1766,9.795,0.89,1614.2513,1740.8005,230.1251,7.564,0.9289
2014-01-13T21:26:59.669Z,1541.0233,1669.633,228.8841,7.2946,0.923,1976.8766,2218.6613,227.6911,9.7446,0.8926,1593.8657,1715.3423,230.1607,7.4535,0.9296
2014-01-13T21:27:59.761Z,907.1769,990.1083,230.3167,4.3216,0.4604,1239.7965,1405.2997,228.3786,6.1708,0.8491,939.3769,1007.7542,231.5341,4.3695,0.8373
2014-01-13T21:28:59.866Z,-2.4032,10.5287,233.1724,0.0452,-0.2278,18.3244,28.317,229.5846,0.1237,0.5287,12.1962,17.2917,232.759,0.0706,0.7051
2014-01-13T21:29:59.960Z,-2.2293,10.3211,231.1883,0.0441,-0.2149,7.5505,15.8311,230.7079,0.0696,0.4765,12.2267,17.2802,233.1924,0.071,0.708
2014-01-13T21:30:59.050Z,-2.1811,10.1582,230.517,0.0433,-0.2142,7.4553,15.7927,229.917,0.0696,0.4724,12.2953,17.3798,233.2506,0.0711,0.7072
2014-01-13T21:31:59.304Z,-2.4063,10.5154,234.5345,0.0449,-0.2277,7.9795,15.9259,226.9467,0.0701,0.5005,12.1649,17.1877,231.87,0.0705,0.7083
2014-01-13T21:32:59.426Z,-2.436,10.6679,233.4104,0.0456,-0.2273,7.8149,15.86,226.703,0.0703,0.4928,12.1768,17.276,232.1617,0.0714,0.7049
2014-01-13T21:33:59.971Z,-2.4621,10.6498,234.0393,0.0456,-0.2297,7.9537,15.9384,227.2318,0.0702,0.4983,12.1744,17.2274,231.7552,0.0711,0.7062
2014-01-13T21:34:59.043Z,-2.4491,10.5975,232.7859,0.0458,-0.2293,7.7273,15.8163,228.7855,0.07,0.4887,12.2047,17.2155,230.983,0.0716,0.7091
2014-01-13T21:35:59.157Z,-2.3517,10.4781,232.3274,0.0453,-0.2236,7.7348,15.7683,228.3926,0.0697,0.4903,12.2088,17.187,231.079,0.0711,0.7114
2014-01-13T21:36:59.311Z,-2.4105,10.6084,231.9298,0.046,-0.2267,7.6,15.801,229.4116,0.0699,0.4818,12.2093,17.1559,231.1417,0.0706,0.712
2014-01-13T21:37:59.413Z,-2.1504,10.1413,229.2298,0.0447,-0.2103,7.1459,15.5349,229.6829,0.0689,0.4602,12.2959,17.2526,232.4141,0.0707,0.7127
2014-01-13T21:38:59.599Z,-2.3159,10.4517,231.6517,0.0453,-0.2211,7.5184,15.794,228.9686,0.0697,0.4755,12.1698,17.2391,231.4607,0.0711,0.7062
2014-01-13T21:39:59.791Z,-2.3696,10.4219,232.5315,0.0451,-0.226,7.7777,15.8138,229.2843,0.0695,0.4917,12.1393,17.1533,230.3815,0.0713,0.7084
2014-01-13T21:40:59.151Z,-2.3844,10.6977,233.0194,0.0458,-0.2213,7.6895,15.8123,229.0852,0.0696,0.4861,12.0719,16.9995,229.3576,0.0708,0.7097
2014-01-13T21:41:59.229Z,-2.3927,10.5659,233.2451,0.0459,-0.2261,7.7778,15.9473,229.8261,0.0702,0.4878,12.0259,16.9963,229.007,0.0706,0.707
2014-01-13T21:42:59.492Z,-2.3949,10.4109,233.4513,0.0437,-0.2287,7.958,16.0784,229.8436,0.0699,0.4954,12.1052,17.0422,228.8865,0.0714,0.7104
2014-01-13T21:43:59.584Z,-2.4952,10.7186,233.3223,0.0468,-0.2316,7.8362,16.043,230.7929,0.07,0.489,12.1518,17.0694,230.1397,0.0709,0.7121
2014-01-13T21:44:59.758Z,-2.502,10.4776,233.6574,0.0449,-0.2378,7.7987,16.058,231.0434,0.0698,0.4856,12.1046,17.0577,229.1337,0.071,0.7103
2014-01-13T21:46:59.200Z,-2.3519,10.3421,232.0946,0.0442,-0.2266,7.5663,15.9833,232.1081,0.0696,0.4732,12.1414,17.1338,229.8973,0.0712,0.7095
2014-01-13T21:47:59.317Z,-2.3281,10.4977,233.7064,0.0447,-0.2204,7.8681,16.0384,231.8143,0.0698,0.4898,12.0557,16.9735,228.573,0.0709,0.71
2014-01-13T21:48:59.414Z,-2.7248,10.9944,233.2903,0.0468,-0.2451,7.7424,16.124,231.5651,0.0699,0.4809,11.973,17.0372,228.6727,0.0712,0.7037
2014-01-13T21:49:59.597Z,-2.4529,10.4818,233.5096,0.0448,-0.2326,7.7778,16.1155,231.9267,0.0698,0.4829,11.9979,16.9541,228.481,0.0711,0.7078
2014-01-13T21:50:59.712Z,-2.5516,10.9469,233.3473,0.048,-0.2318,7.8031,16.1428,230.9453,0.07,0.4838,12.2384,17.2167,232.0718,0.0706,0.7105
2014-01-13T21:51:59.807Z,-2.3939,10.599,233.0015,0.0459,-0.2261,7.808,16.0553,230.4371,0.07,0.4865,12.14,17.1852,231.8072,0.0705,0.7067
2014-01-13T21:52:59.927Z,-2.3179,10.3602,231.5666,0.0446,-0.2228,7.5331,15.8662,230.4354,0.0696,0.4746,12.2162,17.3178,232.5648,0.0714,0.7055
2014-01-13T21:53:59.095Z,-2.2608,10.4044,230.2211,0.0453,-0.2172,7.3028,15.8199,230.943,0.0692,0.4612,12.2849,17.3729,233.1508,0.0715,0.7078
2014-01-13T21:54:59.147Z,-2.3223,10.4414,230.0787,0.0455,-0.2215,7.2738,15.9573,231.3768,0.0699,0.4559,12.2381,17.3296,233.0546,0.0714,0.706
2014-01-13T21:55:59.360Z,-2.3717,10.6246,232.0539,0.0459,-0.222,7.5038,15.8468,231.0234,0.0697,0.4741,12.1839,17.2355,231.838,0.0709,0.707
2014-01-13T21:56:59.421Z,-2.4673,10.642,233.1905,0.0463,-0.2317,7.6387,15.9518,230.7284,0.0697,0.4789,12.1281,17.1963,230.8968,0.0713,0.7057
2014-01-13T21:57:59.524Z,-2.2764,10.5107,232.1762,0.0454,-0.2155,7.6779,16.0476,230.4187,0.0696,0.4784,12.1531,17.2264,231.5433,0.0711,0.7056
2014-01-13T21:58:59.603Z,-2.2791,10.4565,230.1776,0.0455,-0.2169,7.2341,15.8218,230.9257,0.0696,0.4573,12.1972,17.3151,232.2823,0.0712,0.7046
2014-01-13T21:59:59.673Z,-2.3212,10.4241,230.9752,0.0448,-0.221,7.3603,15.9226,231.1605,0.0698,0.4624,12.1768,17.2413,232.3747,0.0709,0.7062
2014-01-13T22:00:59.785Z,-2.2606,10.3288,231.2885,0.0449,-0.2181,7.4773,15.9319,231.1491,0.0692,0.4695,12.2763,17.2956,232.7199,0.0711,0.7098
2014-01-13T22:01:59.473Z,-2.3129,10.4063,231.5164,0.0449,-0.2212,7.5865,16.1826,231.6682,0.0702,0.4687,12.2259,17.4255,233.4998,0.0718,0.7015
2014-01-13T22:02:59.589Z,-2.1993,10.3338,231.3932,0.0445,-0.2121,7.4078,16.1145,232.668,0.0695,0.4596,12.2518,17.3917,233.3387,0.0714,0.705
2014-01-13T22:03:59.692Z,-2.282,10.4725,231.578,0.0452,-0.2171,7.462,16.1537,232.5488,0.0701,0.4623,12.2632,17.3757,233.4715,0.0713,0.7055
2014-01-13T22:05:59.044Z,-2.2564,10.4165,231.8266,0.0449,-0.2163,7.6691,16.1809,232.5805,0.07,0.474,12.2394,17.2858,232.7543,0.0706,0.7083
2014-01-13T22:06:59.538Z,-2.3091,10.3954,232.5727,0.044,-0.2218,7.7017,16.0986,232.2816,0.0698,0.4784,12.1986,17.211,232.2189,0.0702,0.7087
2014-01-13T22:07:59.643Z,-2.4971,10.7881,235.6013,0.046,-0.229,8.0512,16.3159,231.6724,0.0702,0.493,12.1068,17.1972,231.9906,0.0703,0.7043
2014-01-13T22:08:59.714Z,-2.4734,10.6541,235.513,0.0448,-0.2305,8.2395,16.4636,231.3662,0.0705,0.5006,12.1693,17.2281,232.4157,0.0703,0.7067
2014-01-13T22:09:59.853Z,-2.4948,10.7445,235.6272,0.0461,-0.2318,8.3019,16.4768,231.7453,0.0705,0.5038,12.1734,17.2857,232.7403,0.0705,0.7047
2014-01-13T22:10:59.904Z,-2.3204,10.4474,233.8186,0.0443,-0.221,7.8941,16.2363,231.76,0.0699,0.4865,12.2807,17.388,233.6262,0.0707,0.7066
2014-01-13T22:11:59.058Z,-2.3308,10.4251,233.316,0.0447,-0.2226,7.7755,16.2661,231.5934,0.0703,0.4785,12.2611,17.3136,233.6915,0.0704,0.7079
2014-01-13T22:12:59.178Z,-2.5383,10.7295,235.178,0.0455,-0.2352,8.1038,16.3598,231.5616,0.0701,0.4953,12.2195,17.3399,233.0562,0.0706,0.7052
2014-01-13T22:13:59.401Z,-2.4631,10.7052,236.7045,0.0451,-0.2283,8.4038,16.688,231.8104,0.0715,0.5037,12.1855,17.3334,233.4129,0.0706,0.7031
2014-01-13T22:14:59.616Z,-2.4956,10.8359,235.5121,0.0463,-0.2299,8.1418,16.3087,230.6782,0.0703,0.4994,12.2128,17.3115,233.3914,0.0704,0.7056
2014-01-13T22:15:59.736Z,-2.466,10.5332,234.4377,0.0447,-0.2332,7.8713,15.9176,227.7243,0.0701,0.494,12.2036,17.2995,232.5399,0.0705,0.7062
2014-01-13T22:16:59.178Z,-2.3585,10.3791,232.2368,0.0447,-0.2265,7.3969,15.5989,226.9018,0.0695,0.4735,12.2451,17.3699,233.1191,0.0708,0.7058
2014-01-13T22:17:59.519Z,-2.2791,10.3366,231.296,0.0444,-0.2193,7.386,15.7094,227.0122,0.07,0.4701,12.2577,17.287,233.3383,0.0702,0.7089
