2014-01-22T06:52:59.339Z,189.0615,303.28,221.0937,1.2888,0.2398,204.5385,311.0761,221.5202,1.0144,0.3785,206.4734,314.9902,221.2737,1.0261,0.6395
2014-01-22T06:54:59.270Z,88.6699,144.0331,223.1441,0.6684,0.1801,102.4592,151.0051,227.0707,0.619,0.5998,106.4889,154.2103,226.6044,0.5018,0.6722
2014-01-22T06:55:59.342Z,-1.7754,9.2777,228.0072,0.0405,-0.1906,6.5778,14.8723,230.8198,0.0644,0.4426,11.9938,17.0217,229.6736,0.0705,0.7048
2014-01-22T06:56:59.443Z,-1.7769,9.1786,227.646,0.04,-0.1926,6.4215,14.7335,230.5038,0.0631,0.4363,12.0345,16.9834,230.0018,0.0702,0.7091
2014-01-22T06:57:59.511Z,-1.7351,9.2571,226.8459,0.0406,-0.1872,6.2823,14.5485,229.7832,0.0629,0.4314,11.9916,16.9486,229.1506,0.0703,0.7072
2014-01-22T06:58:59.615Z,-1.8005,9.2877,225.1188,0.041,-0.1933,6.0009,14.2627,229.1262,0.0614,0.4208,11.9724,16.9142,228.7476,0.0705,0.708
2014-01-22T06:59:59.832Z,-1.7314,9.2041,225.8347,0.0403,-0.1863,6.2055,14.4063,229.3092,0.0618,0.4302,11.9495,16.8972,228.7263,0.0703,0.7076
2014-01-22T07:00:59.935Z,-1.7976,9.4784,227.3228,0.0415,-0.1889,6.3434,14.619,229.8359,0.0632,0.4335,11.9244,16.901,228.8358,0.0701,0.7055
2014-01-22T07:01:59.112Z,-1.7535,9.1388,228.8384,0.04,-0.1904,6.5519,14.6975,230.0154,0.0634,0.4459,11.8935,16.9071,228.5998,0.0702,0.7038
2014-01-22T07:02:59.203Z,-1.7385,9.2333,228.537,0.0401,-0.187,6.5798,14.8226,230.0568,0.0633,0.4441,11.9773,16.9565,229.4206,0.0701,0.7062
2014-01-22T07:03:59.378Z,-1.7396,9.3407,227.8977,0.041,-0.185,6.4499,14.8769,230.4186,0.0641,0.4345,12.0455,17.0591,230.9368,0.0702,0.7056
2014-01-22T07:04:59.472Z,-1.7437,9.3585,227.8405,0.0404,-0.1855,6.4181,14.734,230.2613,0.0632,0.4357,12.0482,17.0839,231.217,0.0705,0.7053
2014-01-22T07:05:59.646Z,-1.9331,9.363,226.9631,0.0412,-0.2055,6.3137,14.6252,230.2982,0.0627,0.4316,12.0538,17.0378,230.8881,0.07,0.7078
2014-01-22T07:06:59.766Z,-1.6393,9.1457,226.784,0.0398,-0.1785,6.3195,14.6404,230.5683,0.0626,0.432,12.0903,17.1035,231.2904,0.0703,0.707
2014-01-22T07:07:59.847Z,-1.7497,9.4388,228.0263,0.0407,-0.1848,6.416,15.3502,230.5802,0.0661,0.4284,12.0115,17.0513,230.8252,0.0702,0.7039
2014-01-22T07:08:59.922Z,-1.7193,9.3696,226.2103,0.0411,-0.1846,6.1807,14.8346,230.5246,0.0636,0.4186,12.0557,17.6066,231.642,0.0727,0.6948
2014-01-22T07:09:59.015Z,-1.8771,9.3712,229.2636,0.0405,-0.1977,6.697,14.8322,228.8292,0.0652,0.4514,12.0101,17.1243,231.0839,0.0705,0.7016
2014-01-22T07:10:59.232Z,-1.818,9.4826,230.2927,0.0405,-0.1906,6.7417,14.9474,228.7479,0.065,0.4513,11.9696,17.1003,230.932,0.0702,0.7002
2014-01-22T07:11:59.343Z,-1.8036,9.3555,229.8427,0.0406,-0.1914,6.7123,14.9187,228.8604,0.0646,0.4504,11.9949,17.0316,230.3204,0.0706,0.704
2014-01-22T07:12:59.504Z,-1.7438,9.2832,230.0938,0.0404,-0.1864,6.8006,14.9368,229.4216,0.0655,0.4547,11.9217,17.0055,229.8227,0.0706,0.701
2014-01-22T07:13:59.587Z,-1.8671,9.4117,228.437,0.0409,-0.1971,19.1173,28.8597,229.3495,0.1248,0.4939,12.0191,16.9724,229.1305,0.0705,0.7084
2014-01-22T07:14:59.745Z,853.7712,899.2002,226.9331,3.9755,0.5674,1355.0546,1485.7704,229.5486,6.4873,0.8946,939.1397,1001.7063,227.006,4.4273,0.864
2014-01-22T07:15:59.842Z,1343.6247,1426.3828,226.0893,6.3089,0.9407,1935.7802,2100.3038,228.7623,9.1816,0.92,1445.8918,1558.2625,226.4411,6.8813,0.9295
2014-01-22T07:16:59.145Z,1330.4873,1411.2549,225.6015,6.2554,0.941,1911.1287,2073.4434,228.1547,9.0876,0.92,1432.5112,1540.5312,226.3045,6.8075,0.9297
2014-01-22T07:17:59.272Z,1333.2279,1414.7689,225.7998,6.2661,0.9414,1916.722,2077.9377,228.5814,9.0905,0.9209,1440.9677,1549.4558,226.5116,6.8411,0.9302
2014-01-22T07:18:59.390Z,1331.499,1420.82,225.3319,6.3055,0.9373,1905.8242,2064.6803,228.5243,9.0348,0.9205,1461.6919,1566.9478,227.0028,6.9029,0.9326
2014-01-22T07:19:59.642Z,1354.8538,1432.6262,227.5677,6.2955,0.9455,1938.7616,2104.4974,228.6098,9.2055,0.9201,1447.9954,1559.6449,226.8568,6.875,0.9277
2014-01-22T07:20:59.775Z,1361.9203,1439.0686,228.2656,6.3046,0.9485,1944.6269,2112.5112,228.3609,9.2509,0.9201,1451.1434,1564.0759,226.9658,6.8919,0.9282
2014-01-22T07:21:59.902Z,1342.1091,1436.2614,225.2299,6.3772,0.9337,1920.2608,2080.6743,228.5553,9.1034,0.9208,1482.0127,1592.6505,227.8186,6.9909,0.9308
2014-01-22T07:22:59.988Z,1355.8741,1447.0186,225.8001,6.4084,0.938,1930.2877,2097.1551,228.6919,9.1701,0.92,1476.4381,1589.4724,227.5418,6.9853,0.9289
2014-01-22T07:23:59.053Z,1368.4153,1460.4614,226.0197,6.4616,0.9381,1930.2746,2100.5029,228.6597,9.1855,0.92,1482.7626,1593.9154,228.0584,6.9895,0.9307
2014-01-22T07:24:59.135Z,1376.8396,1476.372,225.8112,6.5383,0.9322,1913.569,2084.7895,228.3139,9.131,0.92,1503.2378,1607.4178,228.7586,7.027,0.9354
2014-01-22T07:25:59.252Z,1403.3807,1493.0625,228.4824,6.5346,0.9387,1942.2182,2121.1241,228.2087,9.2948,0.9159,1495.6257,1603.1692,228.486,7.0166,0.9321
2014-01-22T07:26:59.389Z,1396.3734,1478.622,229.586,6.4408,0.9449,1957.2495,2143.8208,227.9592,9.4044,0.9108,1461.9439,1583.261,225.7783,7.0124,0.9228
2014-01-22T07:27:59.457Z,1369.6722,1470.0748,226.6857,6.485,0.9314,1916.6847,2098.0616,227.6537,9.216,0.9116,1482.5003,1599.2774,225.5616,7.0908,0.9273
2014-01-22T07:28:59.583Z,1354.013,1451.236,226.3955,6.41,0.9324,1912.8581,2084.9097,228.2194,9.1355,0.9167,1479.9496,1593.7382,225.9922,7.0523,0.9292
2014-01-22T07:29:59.666Z,1339.6097,1423.256,227.0468,6.2683,0.9426,1890.0425,2056.9804,228.0474,9.0202,0.9182,1444.3409,1548.5008,226.0318,6.8512,0.9327
2014-01-22T07:30:59.783Z,1369.4789,1442.4295,228.9756,6.2992,0.95,1904.1238,2074.2468,227.8868,9.1015,0.919,1441.2855,1538.8282,228.0026,6.7491,0.9377
2014-01-22T07:31:59.966Z,1351.7886,1439.3034,227.0823,6.3387,0.9404,1874.9413,2038.6714,227.6045,8.9568,0.92,1466.975,1559.2036,228.7783,6.8151,0.9393
2014-01-22T07:32:59.157Z,1327.2771,1417.1845,226.5908,6.2549,0.9377,1874.5312,2040.5969,227.8322,8.9567,0.92,1447.7538,1551.3138,225.8122,6.8701,0.9321
2014-01-22T07:33:59.323Z,1341.2023,1427.1339,227.2257,6.2808,0.94,1880.7212,2051.3534,227.8987,9.0009,0.9199,1442.2833,1545.7748,225.9976,6.8403,0.9312
2014-01-22T07:34:59.426Z,1346.6635,1433.9787,226.7245,6.325,0.94,1877.01,2052.4763,228.28,8.9909,0.9137,1441.0255,1544.2941,225.6345,6.8445,0.9316
2014-01-22T07:35:59.796Z,1363.1003,1447.8647,227.2888,6.3699,0.942,1876.3474,2061.3215,227.8611,9.0465,0.9099,1431.4132,1535.4449,225.4739,6.8098,0.9311
2014-01-22T07:36:59.136Z,1398.2997,1470.8135,229.0159,6.422,0.95,1899.3086,2095.0743,227.9376,9.1915,0.9083,1416.0713,1520.7898,226.4208,6.7172,0.9326
2014-01-22T07:37:59.216Z,1405.7557,1487.6733,227.878,6.5283,0.9466,1881.3041,2075.5101,227.7339,9.1138,0.908,1443.5022,1539.7025,228.2033,6.7468,0.9383
2014-01-22T07:38:59.330Z,1387.9441,1482.1643,226.1413,6.554,0.9373,1871.1203,2056.0627,227.8394,9.0238,0.91,1471.1698,1565.7415,228.9078,6.8401,0.9398
2014-01-22T07:39:59.476Z,1393.8355,1489.7534,226.677,6.5722,0.935,1874.8475,2061.4864,228.1949,9.0342,0.91,1477.9449,1572.9021,228.5942,6.8809,0.9391
2014-01-22T07:40:59.535Z,1413.3814,1492.6126,228.7422,6.5252,0.9492,1905.4534,2105.7542,227.7413,9.2459,0.9041,1435.6911,1542.594,227.0958,6.7925,0.931
2014-01-22T07:41:59.641Z,1404.8117,1489.5697,227.7036,6.5422,0.9449,1905.04,2102.844,227.913,9.227,0.9055,1446.1832,1555.4302,227.1497,6.8476,0.9302
2014-01-22T07:42:59.734Z,1356.0093,1478.6285,221.6961,6.6696,0.9183,1850.2959,2027.9914,228.7508,8.8658,0.9112,1517.1274,1615.6877,228.7899,7.0621,0.9388
2014-01-22T07:43:59.838Z,1377.3367,1485.8203,224.4925,6.6194,0.9273,1880.4831,2063.4671,228.5112,9.03,0.9104,1498.1368,1601.3773,228.5356,7.007,0.9347
2014-01-22T07:44:59.076Z,1396.3409,1481.206,228.0238,6.4959,0.9405,1936.5369,2127.647,228.0184,9.331,0.91,1454.5299,1574.2808,227.3344,6.9245,0.9234
2014-01-22T07:45:59.195Z,1405.9378,1492.582,228.061,6.5449,0.9401,1931.1773,2126.2751,227.9836,9.3267,0.9096,1459.4142,1576.2745,227.344,6.9345,0.9262
2014-01-22T07:46:59.276Z,1398.1848,1498.7846,225.6217,6.6426,0.9314,1910.3548,2101.3097,228.1441,9.2104,0.91,1487.73,1599.39,228.5012,6.9996,0.9297
2014-01-22T07:47:59.547Z,1429.6235,1521.8744,226.8322,6.7094,0.9415,1911.1691,2115.5269,227.2761,9.3082,0.9034,1470.5048,1579.2731,229.0374,6.8954,0.9319
2014-01-22T07:48:59.618Z,1461.6598,1543.7324,229.5415,6.7253,0.9487,1922.4051,2137.1904,226.6561,9.429,0.9,1458.186,1565.2353,229.0151,6.8343,0.9309
2014-01-22T07:49:59.742Z,1472.8451,1557.716,229.2847,6.7935,0.946,1907.5018,2129.9417,226.1588,9.4178,0.8961,1459.1689,1563.0189,229.2234,6.8183,0.9332
2014-01-22T07:50:59.819Z,1447.5269,1544.5624,226.4645,6.8203,0.9378,1898.6512,2113.4419,226.5673,9.3287,0.8992,1475.6999,1582.7127,229.4063,6.8996,0.9318
2014-01-22T07:51:59.928Z,1422.9851,1529.6537,225.2905,6.7899,0.9311,1902.2121,2104.9315,226.7784,9.2818,0.9029,1497.7458,1608.0127,229.6489,7.0025,0.9311
2014-01-22T07:52:59.085Z,1429.8116,1521.0933,228.032,6.6703,0.94,1960.0892,2157.3627,228.08,9.4587,0.9089,1489.3173,1611.0716,229.1145,7.0311,0.9242
2014-01-22T07:53:59.147Z,1427.1954,1521.3639,228.1728,6.6674,0.9391,1963.6268,2160.2609,228.1166,9.4703,0.91,1495.1652,1619.4602,228.7678,7.0791,0.9231
2014-01-22T07:54:59.280Z,1425.0921,1520.7063,227.4905,6.6851,0.9364,1963.6088,2162.3905,228.6134,9.4588,0.91,1492.6221,1618.7927,228.3202,7.0895,0.9224
2014-01-22T07:55:59.475Z,1421.6399,1523.2095,226.5727,6.7225,0.9317,1963.8689,2157.9369,229.2632,9.4123,0.91,1511.9231,1636.5073,228.883,7.1499,0.9238
2014-01-22T07:56:59.535Z,1441.5511,1529.5721,228.9929,6.6797,0.9415,1984.1466,2190.7771,228.0729,9.6055,0.9061,1478.0816,1611.1833,227.908,7.0691,0.9173
2014-01-22T07:57:59.656Z,1448.0952,1535.9292,229.2393,6.6999,0.9408,1976.4847,2193.4459,227.0262,9.6615,0.9,1463.7346,1600.6577,226.9768,7.0521,0.9142
2014-01-22T07:58:59.882Z,1458.5904,1545.981,229.5533,6.7343,0.9424,1971.5803,2194.4046,226.6348,9.6823,0.8996,1460.7889,1596.1166,227.0192,7.0308,0.9152
2014-01-22T07:59:59.070Z,1464.8523,1572.5226,226.6188,6.9392,0.9302,1920.7992,2144.239,226.3448,9.4741,0.8956,1502.6914,1619.5708,229.2616,7.0644,0.9279
2014-01-22T08:00:59.178Z,1472.2365,1565.5544,227.9888,6.8669,0.9403,1952.3509,2181.3572,225.9727,9.6533,0.8956,1469.8644,1598.8567,228.3924,7.0002,0.919
2014-01-22T08:01:59.261Z,1484.4621,1572.9524,229.7708,6.846,0.9425,1967.907,2197.4118,225.3833,9.7498,0.896,1470.9847,1600.8888,228.7092,6.9993,0.9195
2014-01-22T08:02:59.372Z,1488.8447,1578.2249,229.5755,6.8744,0.9428,1960.9309,2198.5729,224.9294,9.7739,0.892,1462.4773,1595.1827,228.0355,6.9949,0.9174
2014-01-22T08:03:59.478Z,1462.7546,1564.1241,227.2399,6.8838,0.9346,1960.6752,2185.7035,226.088,9.6678,0.8993,1488.4511,1621.9659,228.2639,7.1052,0.9166
2014-01-22T08:04:59.564Z,1452.0572,1566.2157,225.408,6.9483,0.9284,1937.6997,2160.0007,226.1518,9.5511,0.8982,1508.5822,1638.2635,228.4679,7.1713,0.9203
2014-01-22T08:05:59.702Z,928.9619,1001.0741,228.3613,4.4094,0.5145,1313.8701,1483.1626,226.8144,6.5571,0.8538,942.4858,1031.8062,228.6495,4.5246,0.8359
2014-01-22T08:06:59.818Z,-2.0624,9.9414,231.874,0.0421,-0.2064,20.9954,31.3953,228.4696,0.1379,0.5278,12.1034,17.0506,230.3959,0.07,0.7096
2014-01-22T08:07:59.920Z,-2.092,10.0038,230.8057,0.0429,-0.2088,7.1479,15.3784,228.6846,0.0683,0.4641,12.1951,17.143,230.5138,0.0706,0.7122
2014-01-22T08:08:59.027Z,-1.9531,9.4395,229.3988,0.0412,-0.2056,6.8925,15.1996,229.3111,0.0669,0.4535,12.1969,17.1216,230.33,0.0706,0.7127
2014-01-22T08:09:59.199Z,-2.1687,10.0909,232.0722,0.0431,-0.2138,7.327,15.5197,229.5472,0.0687,0.4721,12.1249,17.0204,229.8077,0.0704,0.7127
2014-01-22T08:10:59.555Z,-2.1555,10.2021,233.548,0.0429,-0.2098,7.711,15.8303,229.7446,0.0696,0.4867,12.0835,16.9855,229.6154,0.07,0.7112
2014-01-22T08:11:59.670Z,-2.1544,10.0412,234.0557,0.0426,-0.2136,7.818,15.8782,229.7693,0.0694,0.4922,12.1741,17.0912,230.0468,0.0707,0.7124
2014-01-22T08:12:59.726Z,-2.0074,9.8526,232.1291,0.042,-0.2024,7.4626,15.7936,230.2165,0.0695,0.4722,12.2087,17.1696,231.8967,0.0703,0.7111
2014-01-22T08:13:59.887Z,-1.9958,9.9326,231.3149,0.0427,-0.1997,7.2761,15.5959,230.1031,0.069,0.4665,12.2448,17.262,233.3882,0.0702,0.709
2014-01-22T08:15:59.188Z,-2.1499,10.1623,234.1478,0.0432,-0.2099,7.6834,15.8289,229.7305,0.0697,0.4856,12.1599,17.1866,232.2977,0.0702,0.7074
2014-01-22T08:16:59.359Z,-2.0946,9.9781,234.2049,0.0424,-0.2086,7.7713,15.752,229.5955,0.0694,0.4931,12.1603,17.1909,232.3815,0.0701,0.7079
2014-01-22T08:17:59.496Z,-1.9581,9.9544,232.6448,0.0424,-0.195,7.4981,15.7111,229.998,0.0694,0.4766,12.2098,17.2731,233.3529,0.0703,0.7065
2014-01-22T08:18:59.614Z,-2.0041,9.9333,232.9518,0.0422,-0.1999,7.6054,15.7518,229.5811,0.0696,0.4827,12.1901,17.3078,233.0944,0.0704,0.7052
2014-01-22T08:19:59.776Z,-2.1173,10.1383,234.7694,0.0429,-0.208,7.798,15.9305,229.2404,0.0703,0.4902,12.1417,17.2005,232.2898,0.0704,0.7063
2014-01-22T08:20:59.905Z,-2.0791,10.2256,235.2571,0.0426,-0.2023,7.8286,15.8961,229.8245,0.07,0.4926,12.1596,17.2216,232.5395,0.07,0.7063
2014-01-22T08:21:59.108Z,-2.1632,10.2128,234.3967,0.0437,-0.2109,7.7014,15.7748,230.0437,0.0695,0.4876,12.1941,17.3013,232.9515,0.0705,0.7047
2014-01-22T08:22:59.310Z,-1.9856,9.9689,232.0349,0.0424,-0.1981,7.3193,15.6506,230.1353,0.0687,0.4673,12.2002,17.327,233.4822,0.0713,0.704
2014-01-22T08:23:59.442Z,-2.0627,10.1294,234.1261,0.0426,-0.2028,7.6609,15.7867,229.1786,0.0698,0.4841,12.1213,17.3064,232.6059,0.0714,0.7007
2014-01-22T08:24:59.524Z,-2.174,10.3165,234.7084,0.0441,-0.2096,7.7709,15.8991,229.5737,0.0695,0.4883,12.1041,17.2691,232.6922,0.0712,0.7009
2014-01-22T08:25:59.628Z,-2.137,10.2004,234.505,0.0435,-0.209,7.6043,15.758,229.0437,0.0691,0.4827,12.054,17.2237,232.1368,0.0709,0.7
2014-01-22T08:26:59.686Z,-2.2166,10.3578,234.3652,0.0443,-0.213,7.71,15.8076,228.9516,0.0699,0.4876,12.0676,17.2198,231.8898,0.0714,0.7006
2014-01-22T08:27:59.819Z,-2.0601,10.1089,232.192,0.0432,-0.202,7.1818,15.5322,229.5629,0.069,0.4618,12.1337,17.2311,232.5203,0.0711,0.7041
2014-01-22T08:28:59.912Z,-2.143,10.2551,233.8912,0.043,-0.2072,7.6677,15.8424,229.7473,0.0694,0.4835,12.0551,17.1967,231.7232,0.0711,0.701
2014-01-22T08:29:59.116Z,-2.1696,10.2669,234.5066,0.0433,-0.2108,7.6875,15.8269,229.6647,0.0697,0.4853,12.0178,17.1895,231.2984,0.0718,0.6986
2014-01-22T08:30:59.292Z,-2.1855,10.2637,233.7588,0.0437,-0.2115,7.555,15.7747,229.7918,0.0697,0.4786,12.0154,17.1619,231.5649,0.0711,0.7
2014-01-22T08:31:59.491Z,-2.2206,10.1979,232.938,0.0435,-0.2164,7.4154,15.7211,231.662,0.0688,0.4714,12.055,17.2189,231.5727,0.0714,0.7003
2014-01-22T08:32:59.857Z,-2.117,10.2261,231.4791,0.044,-0.2057,7.0853,15.5595,231.3766,0.0678,0.4547,12.0726,17.3361,233.2759,0.0709,0.6963
2014-01-22T08:33:59.022Z,-2.0456,9.9066,230.6826,0.0424,-0.2051,7.05,15.5444,231.2609,0.0685,0.4531,12.1577,17.3213,233.8912,0.0708,0.702
2014-01-22T08:34:59.406Z,662.7368,719.1453,231.3824,3.1229,0.3602,1029.9877,1124.3751,230.5089,4.8927,0.8663,714.3197,748.577,232.6166,3.2256,0.8266
2014-01-22T08:35:59.494Z,1413.7152,1476.9562,231.1703,6.3895,0.958,1955.1499,2111.7334,229.6538,9.1957,0.9251,1475.0583,1557.5018,231.8978,6.7162,0.9461
2014-01-22T08:36:59.726Z,1429.6342,1495.6825,231.453,6.4622,0.957,1981.0397,2146.3273,229.5257,9.3509,0.9215,1485.6001,1578.9216,231.5445,6.8189,0.94
2014-01-22T08:37:59.837Z,1428.3576,1492.0667,231.7432,6.4382,0.9586,1968.3839,2133.3855,229.1684,9.3091,0.9213,1480.559,1569.4925,231.7701,6.7718,0.9425
2014-01-22T08:38:59.983Z,1399.9408,1485.8441,227.2293,6.5392,0.9424,1917.3197,2073.6395,229.7153,9.0271,0.924,1520.293,1599.8411,233.1552,6.8614,0.9504
2014-01-22T08:39:59.093Z,1415.9665,1500.2129,227.9695,6.5813,0.9446,1921.6185,2082.5634,229.7887,9.063,0.9208,1522.3223,1601.2081,233.2322,6.8657,0.95
2014-01-22T08:40:59.317Z,1419.7684,1496.9457,229.1774,6.5312,0.9495,1940.661,2104.866,229.2874,9.1802,0.92,1505.7483,1591.8383,232.4796,6.8471,0.9467
2014-01-22T08:41:59.456Z,1429.2895,1506.6091,229.4282,6.567,0.95,1940.864,2107.7427,229.3812,9.1885,0.9201,1509.4617,1593.8527,232.7411,6.8478,0.9487
2014-01-22T08:42:59.575Z,1440.0553,1515.9081,229.6529,6.6009,0.95,1944.8846,2115.7632,229.3496,9.2252,0.92,1508.6788,1593.1133,232.8908,6.8413,0.9483
2014-01-22T08:43:59.660Z,1466.8205,1526.1775,232.6807,6.5593,0.959,1982.021,2164.9261,229.0532,9.4515,0.9165,1472.8184,1565.9112,231.9405,6.7515,0.9412
2014-01-22T08:44:59.807Z,1463.782,1528.9,231.9177,6.5918,0.957,1964.228,2146.9584,228.7523,9.3851,0.9154,1482.3587,1572.6289,232.0138,6.7782,0.9422
2014-01-22T08:45:59.979Z,1447.3041,1523.1195,229.4504,6.6384,0.9511,1941.9277,2123.9053,228.7898,9.2835,0.9133,1492.9407,1583.3593,231.9495,6.8261,0.9429
2014-01-22T08:46:59.120Z,1464.1544,1527.0854,232.3945,6.5712,0.96,1986.8633,2166.86,228.9148,9.4662,0.9179,1486.601,1582.7027,232.162,6.8175,0.9397
2014-01-22T08:47:59.170Z,1461.3388,1525.2124,232.6367,6.5553,0.9586,1985.8824,2158.4996,229.7528,9.3951,0.92,1501.6032,1592.5602,232.7429,6.8424,0.9425
2014-01-22T08:48:59.275Z,1422.5882,1484.2133,232.2789,6.3892,0.9583,1979.9453,2134.4997,230.5958,9.2566,0.928,1500.2086,1587.6392,232.6978,6.8226,0.9446
2014-01-22T08:49:59.430Z,1403.6084,1460.6661,231.6389,6.3056,0.96,1928.4896,2080.559,229.6454,9.0602,0.9281,1468.5724,1543.9377,232.8847,6.6297,0.95
2014-01-22T08:50:59.538Z,1370.6908,1444.0883,228.6289,6.3159,0.9497,1894.7314,2035.3329,229.9912,8.8496,0.93,1499.5315,1570.8084,233.6851,6.722,0.9542
2014-01-22T08:51:59.658Z,1375.2646,1437.446,230.1467,6.2458,0.9554,1916.3858,2061.0575,229.7565,8.9706,0.93,1470.2669,1547.8094,232.8949,6.6461,0.9495
2014-01-22T08:52:59.773Z,1391.0472,1451.8908,230.8263,6.2902,0.9566,1913.9322,2063.5295,229.3735,8.9965,0.9296,1469.4003,1544.2692,233.3009,6.6192,0.9508
2014-01-22T08:53:59.906Z,1390.1016,1454.5185,229.972,6.3251,0.9572,1903.9332,2057.1629,228.8966,8.9873,0.9261,1468.3338,1544.3203,233.3256,6.6189,0.9502
2014-01-22T08:54:59.046Z,1389.6477,1450.5873,230.5446,6.2914,0.9577,1925.1626,2077.4395,229.4681,9.0532,0.9291,1463.727,1545.0808,232.7191,6.6391,0.948
2014-01-22T08:55:59.131Z,1385.9604,1445.0771,231.1935,6.2503,0.9598,1942.0102,2094.2849,229.4423,9.1278,0.9299,1460.3552,1548.2849,232.143,6.6692,0.9422
2014-01-22T08:56:59.227Z,1353.4848,1426.3,228.3127,6.247,0.9499,1931.5184,2073.9912,230.5102,8.9973,0.93,1484.8887,1576.1391,231.8645,6.7977,0.941
2014-01-22T08:57:59.424Z,1365.8037,1428.8434,230.4943,6.1992,0.9575,1967.2824,2111.6341,230.8023,9.1491,0.93,1473.868,1571.721,231.5578,6.7874,0.9383
2014-01-22T08:58:59.561Z,1388.7657,1450.6492,231.1709,6.2753,0.9597,1951.5773,2108.7817,229.5749,9.1856,0.9256,1461.0623,1555.7587,231.5118,6.7201,0.9399
2014-01-22T08:59:59.827Z,1397.1915,1460.4374,230.9378,6.3245,0.9588,1948.9896,2109.3173,229.6543,9.1842,0.9215,1464.7415,1558.1911,231.7354,6.7238,0.9398
2014-01-22T09:00:59.908Z,1393.1672,1465.9829,230.2003,6.3684,0.95,1931.6984,2089.2933,229.5106,9.1033,0.9239,1487.5663,1576.5894,232.1211,6.7922,0.9423
2014-01-22T09:01:59.992Z,1390.0421,1458.964,230.0466,6.3421,0.9522,1924.3213,2082.1843,229.5052,9.0722,0.9224,1473.6598,1560.739,231.9892,6.7278,0.9446
2014-01-22T09:02:59.094Z,1417.7359,1494.1757,229.54,6.5101,0.947,1909.0442,2074.0774,229.9715,9.0188,0.92,1500.7854,1578.4281,233.0491,6.7731,0.95
2014-01-22T09:03:59.297Z,1435.1442,1521.6285,228.2101,6.6675,0.9418,1914.0025,2090.2923,229.9283,9.0912,0.9159,1516.1584,1599.7783,233.0711,6.864,0.9475
2014-01-22T09:04:59.660Z,1450.5462,1533.7291,229.6787,6.6778,0.9455,1944.5227,2135.0439,228.8883,9.3277,0.91,1498.9089,1598.5432,231.1711,6.9147,0.9385
2014-01-22T09:05:59.903Z,1471.5778,1559.0348,230.2803,6.7699,0.9427,1971.0487,2168.7013,228.9081,9.4741,0.9099,1517.5573,1625.144,231.166,7.0299,0.934
2014-01-22T09:06:59.029Z,1488.9643,1582.7825,230.2873,6.8729,0.94,1981.7003,2192.271,228.1892,9.6071,0.9031,1525.2647,1641.3138,230.5051,7.1209,0.9299
2014-01-22T09:07:59.150Z,320.352,352.2838,233.4388,1.5251,-0.007,504.7552,582.1067,229.7278,2.5457,0.7328,319.7085,347.9952,232.5669,1.504,0.7416
2014-01-22T09:08:59.325Z,-3.0454,11.6096,234.163,0.0502,-0.2611,7.781,15.9027,230.5867,0.0697,0.4891,12.111,17.262,233.2393,0.0707,0.7013
2014-01-22T09:09:59.439Z,-2.9794,11.7774,234.3106,0.0502,-0.2522,7.7255,15.9203,230.8398,0.0697,0.4853,12.1233,17.244,233.1408,0.0704,0.7033
2014-01-22T09:10:59.542Z,-2.8185,11.3366,231.5069,0.0494,-0.2472,7.2861,15.6355,230.9469,0.0686,0.4657,12.1724,17.3324,234.0021,0.0706,0.702
2014-01-22T09:11:59.653Z,-2.9044,11.5751,233.0832,0.0495,-0.2502,7.5445,15.7488,230.8783,0.0694,0.4786,12.0916,17.2513,233.1541,0.0703,0.7011
2014-01-22T09:12:59.735Z,-3.0489,11.6594,234.3863,0.0497,-0.2599,7.67,15.8451,230.4733,0.0699,0.4841,12.0839,17.3205,232.5912,0.0715,0.6976
2014-01-22T09:13:59.849Z,-2.9729,11.4971,234.4094,0.0497,-0.257,7.6759,15.885,230.4534,0.0693,0.4832,12.078,17.1873,232.1911,0.0711,0.7024
2014-01-22T09:14:59.939Z,-3.0788,11.9056,234.3928,0.0509,-0.2585,7.7144,15.9486,230.9943,0.0696,0.4836,12.0759,17.264,232.7465,0.071,0.6991
2014-01-22T09:15:59.020Z,-3.0772,11.6905,234.1002,0.05,-0.2626,7.6421,15.8813,231.1024,0.0697,0.4809,12.0983,17.3092,232.8711,0.071,0.6997
2014-01-22T09:16:59.413Z,-3.0316,11.7965,233.8337,0.0505,-0.2563,7.6633,15.8082,231.0281,0.0693,0.4848,12.1119,17.231,232.7241,0.0702,0.7028
2014-01-22T09:17:59.531Z,-3.0914,11.6623,233.7562,0.0501,-0.2644,7.5843,15.8004,230.8083,0.0696,0.4807,12.0254,17.2377,232.7869,0.0705,0.6983
2014-01-22T09:18:59.741Z,-2.9436,11.6257,233.1585,0.0501,-0.2521,7.5238,15.678,230.6826,0.0695,0.4797,12.0666,17.2533,232.9647,0.0705,0.6996
2014-01-22T09:19:59.876Z,-2.7273,11.1299,231.017,0.0485,-0.2434,7.2539,15.5124,230.8117,0.0682,0.4673,12.1064,17.3535,233.9847,0.0706,0.6983
2014-01-22T09:20:59.010Z,-3.0847,11.7226,233.5885,0.0499,-0.2619,7.5659,15.7704,230.3591,0.0698,0.4805,12.0676,17.3058,233.073,0.0712,0.6975
2014-01-22T09:21:59.120Z,-3.0482,11.6126,233.468,0.0499,-0.2614,7.4984,15.7348,230.5581,0.0691,0.477,12.0832,17.2626,232.8654,0.0705,0.7003
2014-01-22T09:22:59.234Z,-3.04,11.6776,233.5162,0.05,-0.2591,7.5999,15.8317,230.9802,0.0691,0.4799,12.0631,17.3298,232.9863,0.0706,0.6963
2014-01-22T09:23:59.320Z,-3.12,11.6611,233.6988,0.0499,-0.2663,7.6369,15.8477,231.7595,0.069,0.4817,12.0289,17.203,232.0314,0.0704,0.6995
2014-01-22T09:24:59.400Z,-3.0335,11.5607,233.6669,0.0495,-0.2616,7.5247,15.7732,231.3983,0.069,0.4772,12.0116,17.1388,231.7543,0.0704,0.7012
2014-01-22T09:25:59.518Z,-3.1849,11.9103,233.8899,0.0512,-0.2666,7.5233,15.782,230.8622,0.0691,0.4764,11.9441,17.201,231.8867,0.0715,0.6946
2014-01-22T09:26:59.645Z,-3.0963,11.7784,233.8777,0.0506,-0.2622,7.6304,15.8888,230.6036,0.0697,0.4805,12.0313,17.2746,232.7065,0.0713,0.6965
2014-01-22T09:27:59.816Z,-3.0891,11.7099,234.222,0.0494,-0.2629,7.6388,15.8357,230.5117,0.0693,0.4822,12.0703,17.3817,233.517,0.072,0.6948
2014-01-22T09:28:59.903Z,-3.164,11.8855,232.4089,0.051,-0.2653,7.1821,15.721,230.8616,0.069,0.4572,12.1202,17.4688,234.4857,0.0718,0.6941
2014-01-22T09:29:59.015Z,-2.9695,11.6002,231.0329,0.0502,-0.2555,7.0173,15.5068,230.77,0.0679,0.4526,12.1125,17.4612,234.65,0.072,0.6935
2014-01-22T09:30:59.156Z,-2.9732,11.7378,233.1644,0.0504,-0.2516,7.504,15.8728,229.9461,0.0693,0.4729,12.0679,17.3469,233.621,0.0713,0.696
2014-01-22T09:31:59.331Z,-2.9155,11.6688,234.1033,0.0501,-0.2482,7.7171,15.8307,230.349,0.0695,0.4871,12.0654,17.339,233.3513,0.0711,0.6964
2014-01-22T09:32:59.428Z,-3.0578,11.845,233.7597,0.0507,-0.2568,7.4824,15.7523,230.5144,0.0693,0.4751,12.1061,17.3259,233.7288,0.0709,0.699
2014-01-22T09:33:59.537Z,-2.9971,11.5736,233.5474,0.0496,-0.2586,7.5296,15.703,230.4524,0.069,0.4791,12.1576,17.3323,234.0648,0.0706,0.7014
2014-01-22T09:34:59.670Z,-3.0078,11.6812,234.0028,0.0497,-0.2567,7.5928,15.6714,230.6353,0.0689,0.4843,12.0874,17.3237,233.8755,0.0706,0.6979
2014-01-22T09:35:59.752Z,-3.0186,11.6736,233.7868,0.0501,-0.2576,7.6126,15.7688,230.4679,0.0695,0.4822,12.1189,17.3476,233.7619,0.0707,0.6993
2014-01-22T09:36:59.905Z,-3.0368,11.5502,233.5681,0.0498,-0.2613,7.6118,15.7847,230.5477,0.0697,0.4822,12.0964,17.3288,233.6116,0.0706,0.6982
2014-01-22T09:37:59.183Z,-3.0748,11.7923,233.7339,0.05,-0.2599,7.5494,16.1073,229.8949,0.0705,0.4738,12.0492,17.2982,232.9682,0.0709,0.697
2014-01-22T09:38:59.259Z,-3.0554,11.7715,233.8934,0.0504,-0.2585,7.6351,15.9266,230.9245,0.0698,0.4796,12.0164,17.2893,232.8749,0.0714,0.6953
2014-01-22T09:39:59.344Z,-3.1026,11.7721,234.0803,0.05,-0.2634,7.5991,15.8531,231.5134,0.0695,0.4795,12.0121,17.2323,232.7596,0.0706,0.6972
2014-01-22T09:40:59.424Z,-3.0179,11.7651,234.504,0.0498,-0.2559,7.6905,15.9026,230.9366,0.0698,0.4834,12.0354,17.2935,232.8239,0.0709,0.6961
2014-01-22T09:41:59.571Z,-3.1035,11.7068,234.7964,0.0495,-0.2638,7.7717,15.9398,230.7411,0.0699,0.4877,12.0759,17.2505,232.946,0.0704,0.6999
2014-01-22T09:42:59.792Z,-2.8788,11.4672,233.5749,0.0498,-0.2494,7.6202,15.9102,230.0959,0.0701,0.4798,12.065,17.305,233.6432,0.0703,0.6972
2014-01-22T09:43:59.898Z,-3.0617,11.7037,233.9054,0.0502,-0.2605,7.5548,15.7281,230.1169,0.0695,0.4805,12.028,17.2444,233.1962,0.0703,0.6977
2014-01-22T09:44:59.010Z,-3.1515,11.9165,235.2346,0.0508,-0.2632,7.7605,15.9493,229.5505,0.0698,0.4865,12.0228,17.271,232.4688,0.071,0.6968
2014-01-22T09:45:59.118Z,-3.0371,11.77,235.356,0.0499,-0.2577,7.8365,15.9543,229.6033,0.0697,0.4911,12.016,17.2285,232.6953,0.0706,0.6974
2014-01-22T09:46:59.225Z,-3.1486,11.7674,235.7001,0.0502,-0.2668,7.8854,15.967,230.1928,0.0697,0.4935,11.9696,17.2443,232.0252,0.0712,0.6945
2014-01-22T09:47:59.338Z,-3.1759,11.9099,235.5173,0.0505,-0.2659,7.8389,16.0834,230.6509,0.0697,0.4871,12.0005,17.2153,232.3087,0.0709,0.6971
2014-01-22T09:48:59.486Z,-3.0217,11.7274,235.4952,0.0502,-0.2573,7.7907,15.9284,230.5094,0.0698,0.489,12.0612,17.2012,232.3953,0.0705,0.7012
2014-01-22T09:49:59.602Z,-2.9466,11.6482,235.3769,0.0501,-0.2523,7.8244,15.9768,230.4376,0.0699,0.4897,12.0146,17.2583,232.5611,0.0709,0.6967
2014-01-22T09:50:59.711Z,-3.1467,11.7855,235.7004,0.0503,-0.2654,7.831,15.9305,229.6853,0.07,0.4923,12.0187,17.2748,233.0793,0.0703,0.6957
2014-01-22T09:51:59.838Z,-3.1418,11.8443,235.7146,0.0501,-0.2636,7.7247,15.9034,229.3026,0.0697,0.4861,11.9277,17.2179,232.5677,0.0705,0.6929
2014-01-22T09:52:59.946Z,-3.1398,11.8928,235.5027,0.0503,-0.2628,7.7284,15.9163,229.9326,0.0698,0.4851,11.9433,17.225,232.4578,0.0706,0.6931
2014-01-22T09:53:59.205Z,-3.1409,11.831,235.798,0.05,-0.2636,7.7773,15.8805,229.7435,0.0698,0.4887,11.9765,17.2197,232.366,0.0704,0.6957
2014-01-22T09:54:59.331Z,-2.9472,11.5289,233.6485,0.0496,-0.2549,7.4056,15.6783,230.18,0.0688,0.4718,12.0437,17.2704,232.8651,0.0707,0.6982
2014-01-22T09:55:59.479Z,-2.7398,11.2756,232.299,0.0488,-0.2412,7.3002,15.6389,230.3982,0.0687,0.4666,12.0295,17.2516,232.8026,0.0707,0.6979
2014-01-22T09:56:59.619Z,-3.0923,11.7747,234.6407,0.0503,-0.261,7.5491,15.8016,230.2346,0.0691,0.4788,11.9353,17.2006,232.2456,0.0707,0.6936
2014-01-22T09:57:59.781Z,-3.093,11.8302,234.9144,0.0503,-0.2604,7.5797,15.7449,229.7615,0.0696,0.4813,11.9904,17.2066,232.303,0.0709,0.6967
2014-01-22T09:58:59.941Z,-3.0388,11.7442,234.894,0.05,-0.2577,7.6621,15.858,230.2451,0.0698,0.4832,11.9807,17.3075,233.0558,0.0707,0.6927
2014-01-22T09:59:59.082Z,-2.8492,11.4082,232.3471,0.0493,-0.2484,7.2738,15.6142,230.408,0.0687,0.4652,12.0458,17.2563,233.2939,0.0703,0.698
2014-01-22T10:00:59.278Z,-2.7617,11.3268,231.8481,0.0489,-0.2431,7.1076,15.4517,230.1982,0.0683,0.4597,12.1064,17.3161,233.3147,0.0707,0.6994
2014-01-22T10:01:59.342Z,-3.0239,11.7132,233.9104,0.0502,-0.2578,7.4755,15.6968,229.8289,0.0693,0.476,11.9429,17.231,232.7661,0.071,0.6934
2014-01-22T10:02:59.416Z,-3.0565,11.6649,234.1784,0.0499,-0.2606,7.4561,15.6338,229.482,0.0691,0.4769,11.9828,17.1521,231.7541,0.0706,0.6987
2014-01-22T10:03:59.608Z,-2.9977,11.5571,234.0288,0.0497,-0.2581,7.4541,15.5422,229.4329,0.0685,0.4797,12.0368,17.228,232.2398,0.0706,0.6993
2014-01-22T10:04:59.813Z,-3.3997,12.4429,232.2052,0.0537,-0.2709,7.1965,16.1059,229.7297,0.0705,0.4476,11.7047,17.3644,232.2577,0.0732,0.6741
2014-01-22T10:05:59.983Z,-2.8564,11.3856,230.9299,0.0496,-0.2504,7.0864,15.513,230.1821,0.0681,0.4567,12.0195,17.2474,232.9202,0.0709,0.6969
2014-01-22T10:06:59.168Z,-3.0099,11.6096,233.587,0.0496,-0.2583,7.5082,15.6902,230.0827,0.0688,0.479,12.0462,17.2242,233.0578,0.0707,0.6992
2014-01-22T10:07:59.422Z,-2.9516,11.6019,233.7645,0.0499,-0.2534,7.5346,15.72,229.9127,0.0696,0.4798,11.9354,17.2666,232.7656,0.0708,0.692
2014-01-22T10:08:59.481Z,-2.9796,11.7198,234.6308,0.0496,-0.2533,7.651,15.839,229.7926,0.0696,0.4825,12.0345,17.2574,233.1776,0.0705,0.6977
2014-01-22T10:09:59.797Z,-3.0535,11.6346,232.6561,0.0498,-0.2607,7.1946,15.4629,229.8152,0.0683,0.4651,12.0278,17.3003,233.3129,0.0708,0.6948
2014-01-22T10:10:59.075Z,-2.7178,11.4007,231.3598,0.0501,-0.238,7.17,15.5738,230.3507,0.0684,0.4599,12.1167,17.3511,234.3046,0.0709,0.698
2014-01-22T10:11:59.179Z,-3.3873,12.4106,233.7203,0.053,-0.2704,7.2936,16.0326,230.1252,0.07,0.4553,11.8217,17.5131,233.7019,0.0736,0.6754
2014-01-22T10:12:59.294Z,-3.4848,12.5594,233.0394,0.0534,-0.2765,7.2037,16.1519,230.1095,0.07,0.4457,11.7073,17.5157,233.4493,0.0743,0.6688
2014-01-22T10:13:59.476Z,-3.3623,12.4521,232.8223,0.0535,-0.2696,7.269,15.9269,230.0155,0.07,0.457,11.8276,17.425,233.3793,0.0728,0.6788
2014-01-22T10:14:59.528Z,-2.9059,11.4274,231.0546,0.0497,-0.2533,7.0417,15.5528,230.7303,0.0682,0.4526,12.0187,17.3729,234.0485,0.071,0.6914
2014-01-22T10:15:59.796Z,-2.9327,11.4648,229.5293,0.0502,-0.2522,6.754,15.5419,229.8132,0.068,0.4352,12.0282,17.3913,234.6462,0.0709,0.6918
2014-01-22T10:16:59.909Z,-3.1534,11.9278,230.4097,0.0518,-0.2611,6.9009,15.7894,230.1066,0.0687,0.4371,11.9511,17.4877,234.6016,0.0721,0.6835
2014-01-22T10:17:59.229Z,-3.136,11.8403,232.7551,0.0504,-0.2645,7.3413,15.6587,230.6065,0.0689,0.4686,12.0292,17.2975,233.3882,0.071,0.6956
2014-01-22T10:18:59.316Z,-3.1036,11.6746,232.4174,0.0503,-0.264,7.248,15.4995,231.0895,0.068,0.4668,12.094,17.3446,233.6572,0.0705,0.6977
2014-01-22T10:19:59.785Z,-2.9409,11.5962,231.6435,0.0499,-0.2519,7.1206,15.5874,231.2494,0.0682,0.4569,12.0148,17.2779,233.5116,0.0702,0.6951
2014-01-22T10:20:59.903Z,-3.2165,12.2454,229.1293,0.0537,-0.2613,6.6626,15.757,230.8938,0.0684,0.4234,11.7,17.4304,233.8748,0.0727,0.671
2014-01-22T10:22:59.056Z,-2.8608,11.44,231.1224,0.0495,-0.2489,6.9589,15.4315,230.9348,0.0675,0.4507,12.1132,17.3182,234.2641,0.0705,0.6992
2014-01-22T10:23:59.141Z,-3.1011,11.7941,233.9838,0.0509,-0.2631,7.4351,15.6782,230.8677,0.0686,0.4739,12.0943,17.2916,233.738,0.0705,0.6995
2014-01-22T10:24:59.246Z,-3.3569,12.2736,234.0979,0.052,-0.2713,7.4471,16.0887,229.8323,0.0704,0.464,11.7646,17.4234,233.6393,0.072,0.676
2014-01-22T10:25:59.520Z,-3.0373,11.7391,234.6962,0.0499,-0.2578,7.646,15.833,229.8461,0.0698,0.4829,12.0098,17.2762,233.1301,0.0705,0.6949
2014-01-22T10:26:59.703Z,-3.0847,11.7841,234.8773,0.05,-0.2609,7.7281,15.9084,229.7187,0.0698,0.4855,12.0641,17.3048,233.378,0.0704,0.6976
2014-01-22T10:27:59.766Z,-2.8943,11.3954,231.4872,0.0489,-0.2527,7.0139,15.5972,231.6289,0.0683,0.4503,12.0428,17.3361,234.31,0.0705,0.6946
2014-01-22T10:28:59.844Z,-2.9239,11.5434,232.5193,0.0495,-0.2524,7.2816,15.7969,232.5188,0.0689,0.4606,12.0372,17.3162,233.8447,0.0707,0.6952
2014-01-22T10:29:59.963Z,-3.0229,11.7728,234.2293,0.05,-0.257,7.5017,15.7981,231.9864,0.0686,0.4746,12.012,17.2893,233.2816,0.0707,0.6952
2014-01-22T10:30:59.075Z,-2.974,11.5211,233.2893,0.0495,-0.2566,7.4579,15.8014,231.7978,0.0693,0.4715,12.0623,17.3183,233.4652,0.071,0.6972
2014-01-22T10:31:59.208Z,-2.9739,11.6196,230.2982,0.0508,-0.2539,6.9027,15.7001,231.2919,0.0685,0.4411,11.9114,17.3178,233.9323,0.0708,0.6886
2014-01-22T10:32:59.306Z,-2.9542,11.5147,231.7617,0.0495,-0.2554,7.1755,15.5587,231.1295,0.0688,0.4608,12.0442,17.3226,233.5901,0.0707,0.6956
2014-01-22T10:33:59.759Z,-2.9879,11.6462,233.6611,0.0499,-0.2553,7.5341,15.7405,230.7174,0.0689,0.479,12.0354,17.2144,233.1648,0.0701,0.6995
2014-01-22T10:34:59.834Z,-3.0461,11.6634,233.4822,0.05,-0.2604,7.4122,15.6586,231.0189,0.0688,0.4737,12.0223,17.2012,232.7846,0.0702,0.699
2014-01-22T10:35:59.953Z,-2.9038,11.4718,231.4324,0.05,-0.2523,7.1581,15.5003,230.9715,0.0681,0.4612,12.0869,17.2578,233.4594,0.0703,0.7002
2014-01-22T10:36:59.135Z,-2.8121,11.2063,230.4043,0.0492,-0.2498,7.0137,15.4748,231.6237,0.0675,0.4526,12.1865,17.3347,234.6877,0.0701,0.7025
2014-01-22T10:37:59.222Z,-3.5579,12.5933,232.3283,0.0543,-0.2767,7.0412,16.1213,231.5936,0.0697,0.4376,11.6838,17.4434,233.6197,0.0723,0.6703
2014-01-22T10:38:59.466Z,-3.0305,11.7237,233.5954,0.0504,-0.2578,7.536,15.8833,230.8019,0.0694,0.4747,12.0463,17.2871,233.685,0.0704,0.6968
2014-01-22T10:39:59.577Z,-3.3538,12.2118,233.5407,0.0522,-0.2714,7.3639,16.0023,231.066,0.0696,0.4606,11.913,17.348,234.0256,0.0712,0.6869
2014-01-22T10:40:59.698Z,-3.0645,11.699,233.6601,0.05,-0.261,7.443,15.8166,231.2033,0.069,0.4706,12.0491,17.2249,232.686,0.0706,0.7
2014-01-22T10:41:59.926Z,-3.4007,12.46,231.5988,0.0536,-0.2678,6.9171,16.1556,231.2228,0.0703,0.4305,11.7127,17.4861,234.0549,0.0724,0.6707
2014-01-22T10:42:59.207Z,-2.9396,11.5297,230.9289,0.0497,-0.2539,6.9718,15.582,232.0143,0.0683,0.4476,12.1485,17.3732,234.1374,0.0709,0.6992
2014-01-22T10:43:59.382Z,-3.1156,11.8236,233.7955,0.0507,-0.2626,7.4861,15.8641,232.322,0.0694,0.4718,11.9802,17.3046,233.58,0.0707,0.6926
2014-01-22T10:44:59.477Z,-2.9445,11.6709,233.8768,0.0501,-0.2516,7.4845,15.8796,232.3338,0.0693,0.4714,12.0095,17.3477,233.6811,0.0711,0.6927
2014-01-22T10:45:59.537Z,-3.1695,11.7282,233.4829,0.0502,-0.2686,7.5021,15.9273,232.6802,0.0696,0.4714,12.1293,17.2994,233.6014,0.0705,0.7014
2014-01-22T10:46:59.693Z,-3.1777,11.7821,232.9522,0.0506,-0.2693,7.4563,15.8501,232.5714,0.0694,0.4705,12.021,17.2494,232.4656,0.0707,0.6971
2014-01-22T10:47:59.840Z,-2.8367,11.4036,230.1895,0.0498,-0.2483,6.8413,15.3934,232.1632,0.0669,0.4444,11.9819,17.1802,232.3204,0.0704,0.6972
2014-01-22T10:48:59.204Z,-2.8296,11.2136,229.1437,0.049,-0.2508,6.8146,15.3468,232.201,0.067,0.4435,12.0723,17.2136,232.3905,0.0705,0.7018
2014-01-22T10:49:59.288Z,-2.7922,11.3578,229.1397,0.0499,-0.2441,6.7205,15.2257,232.2874,0.0654,0.4412,12.0759,17.303,233.141,0.0706,0.6983
2014-01-22T10:50:59.426Z,-2.8736,11.3319,228.9262,0.0498,-0.2516,6.7478,15.3363,231.7888,0.0672,0.4398,12.1293,17.3024,234.0341,0.0704,0.701
2014-01-22T10:51:59.541Z,-3.013,11.5238,229.4336,0.0504,-0.2598,6.7784,15.161,231.5227,0.0666,0.4467,12.0997,17.3045,234.2033,0.0702,0.6991
2014-01-22T10:52:59.685Z,-4.0926,13.3431,232.2731,0.0569,-0.3006,6.8954,16.2763,231.2322,0.0704,0.4251,11.5595,17.4936,233.389,0.0733,0.6613
2014-01-22T10:53:59.842Z,-3.1144,11.7841,232.3048,0.0505,-0.2631,7.1912,15.592,231.4463,0.0683,0.4605,12.0111,17.3339,233.354,0.0709,0.6937
2014-01-22T10:54:59.093Z,-3.1303,11.8148,233.0567,0.0502,-0.2646,7.3287,15.7424,231.4117,0.0687,0.4651,12.0027,17.2947,233.1497,0.0709,0.6941
2014-01-22T10:55:59.179Z,-3.0538,11.6779,232.9161,0.0501,-0.2605,7.3847,15.7732,231.7264,0.0693,0.4685,11.9922,17.2572,233.1098,0.0704,0.6945
2014-01-22T10:56:59.309Z,-3.3476,12.3366,232.6552,0.0527,-0.2683,7.2414,16.0956,232.5097,0.0701,0.4505,11.7791,17.3114,232.9486,0.0719,0.6809
2014-01-22T10:57:59.390Z,-3.1012,11.7294,232.6623,0.0503,-0.2638,7.2968,15.7302,232.7056,0.0684,0.4636,12.0168,17.2659,232.9114,0.0712,0.6964
2014-01-22T10:58:59.511Z,-3.2356,11.9001,232.6296,0.0509,-0.2712,7.2154,15.6884,232.2965,0.0682,0.4599,11.9646,17.2571,232.8338,0.0707,0.6934
2014-01-22T10:59:59.937Z,-3.1137,11.7466,231.7701,0.0503,-0.264,7.0489,15.4812,232.0349,0.0678,0.4555,12.0022,17.2451,232.8507,0.0707,0.6957
2014-01-22T11:00:59.065Z,-3.2515,12.1608,227.9717,0.0537,-0.2647,6.2376,15.7578,232.4122,0.0685,0.3976,11.717,17.3425,233.8574,0.0715,0.6754
2014-01-22T11:01:59.119Z,-3.105,11.6589,228.6466,0.0506,-0.2648,6.6632,15.2298,231.6011,0.0662,0.4371,12.0185,17.3297,233.1614,0.0709,0.6943
2014-01-22T11:02:59.317Z,-2.9745,11.5198,230.5233,0.0498,-0.2572,7.0117,15.4612,231.5853,0.0674,0.4535,11.9948,17.2263,232.6083,0.0704,0.6965
2014-01-22T11:03:59.742Z,-3.0936,11.7707,231.9105,0.0509,-0.2622,7.2272,15.5803,231.6352,0.0682,0.4638,11.9656,17.1856,232.5824,0.0702,0.6966
2014-01-22T11:04:59.876Z,-3.1955,11.9132,232.0093,0.0507,-0.2659,7.1459,15.7269,231.4298,0.0691,0.4554,11.9183,17.2937,232.6491,0.0712,0.6898
2014-01-22T11:05:59.015Z,-3.1262,11.8148,232.0245,0.0505,-0.2632,7.1131,15.6099,231.7899,0.0678,0.4565,11.9131,17.1963,232.1835,0.071,0.6927
2014-01-22T11:06:59.125Z,-3.0645,11.6014,232.2877,0.0497,-0.2629,7.255,15.5948,231.9967,0.0684,0.4648,11.9877,17.1505,231.2781,0.0704,0.7002
2014-01-22T11:07:59.266Z,-3.0074,11.5841,232.9979,0.0496,-0.2589,7.3255,15.7417,231.6514,0.0686,0.4656,11.9076,17.1155,231.0345,0.071,0.696
2014-01-22T11:08:59.460Z,-3.1387,11.8199,233.1397,0.05,-0.2647,7.4114,15.6913,230.7476,0.0687,0.4717,11.9205,17.1618,231.5811,0.0706,0.6948
2014-01-22T11:09:59.551Z,-3.213,11.856,233.1608,0.0511,-0.2682,38.8809,50.2002,230.3176,0.2185,0.5857,11.8571,17.2254,232.2978,0.0709,0.6882
2014-01-22T11:10:59.640Z,1062.526,1105.5354,228.9075,4.8457,0.7761,1606.0035,1720.0827,229.1188,7.5153,0.9287,1195.9983,1229.5992,231.9685,5.302,0.9344
2014-01-22T11:11:59.807Z,1323.2495,1380.8725,229.5586,6.0154,0.9568,1845.606,1973.4588,227.7353,8.6654,0.9346,1423.298,1478.8729,231.8196,6.3792,0.9634
2014-01-22T11:12:59.070Z,1314.0966,1362.9422,230.3731,5.9167,0.964,1860.3576,1984.4601,227.9385,8.7063,0.9395,1405.5955,1464.2371,231.4173,6.3268,0.9599
2014-01-22T11:13:59.427Z,1317.8977,1363.6878,231.1237,5.8999,0.9662,1877.7248,2000.892,228.6642,8.7503,0.9395,1408.9006,1469.7882,231.3472,6.3534,0.9599
2014-01-22T11:14:59.585Z,1339.3187,1389.0804,231.3751,6.0032,0.963,1875.0537,2004.6116,228.8629,8.7592,0.9362,1424.7775,1483.8692,231.6438,6.4058,0.9601
2014-01-22T11:15:59.002Z,1345.2212,1400.9073,230.8382,6.0684,0.96,1862.8564,1996.6321,228.5958,8.7351,0.9313,1434.9341,1493.8825,231.2876,6.4584,0.9599
2014-01-22T11:16:59.191Z,1329.8848,1389.7317,230.1242,6.0393,0.9587,1872.5759,2001.8779,228.3843,8.7658,0.9359,1445.3077,1510.7221,231.2992,6.5318,0.9571
2014-01-22T11:17:59.362Z,1349.357,1404.7712,230.179,6.1029,0.96,1871.9719,2014.122,227.7402,8.844,0.93,1422.1012,1489.5861,231.1025,6.4461,0.9545
2014-01-22T11:18:59.672Z,1354.7225,1408.3688,230.256,6.117,0.96,1879.2701,2026.4662,227.4901,8.908,0.9288,1412.5884,1484.3642,230.8548,6.4295,0.9503
2014-01-22T11:19:59.783Z,1353.2917,1410.9173,230.5071,6.1213,0.9595,1879.5568,2023.0827,227.5958,8.8888,0.9297,1430.6209,1501.6096,231.1709,6.4958,0.9508
2014-01-22T11:20:59.239Z,1344.9058,1402.8716,230.1509,6.0955,0.9599,1880.9763,2024.0065,227.7654,8.8866,0.93,1427.136,1501.0595,230.7854,6.5043,0.9501
2014-01-22T11:21:59.427Z,1370.5799,1428.4415,230.7106,6.1917,0.9596,1886.176,2038.1159,227.6651,8.9522,0.926,1430.7954,1504.1281,231.3997,6.4996,0.951
2014-01-22T11:22:59.520Z,1365.1166,1425.7186,230.4285,6.1873,0.9586,1886.1375,2033.0018,228.216,8.9084,0.9288,1444.3784,1516.4912,231.7827,6.5425,0.9515
2014-01-22T11:23:59.645Z,1322.4463,1386.5315,228.0622,6.0797,0.9547,1820.5429,1950.5328,228.4675,8.5375,0.9325,1441.414,1497.1549,232.6143,6.4361,0.9617
2014-01-22T11:24:59.782Z,1335.9808,1384.5609,231.0119,5.9933,0.9656,1850.5101,1984.8972,228.2352,8.6969,0.9303,1409.0148,1468.7616,231.9229,6.3325,0.9597
2014-01-22T11:25:59.050Z,1355.9303,1404.6186,231.2515,6.0746,0.9657,1840.4541,1984.6196,227.8707,8.7095,0.9296,1402.3697,1459.7637,231.8953,6.2948,0.96
2014-01-22T11:26:59.143Z,1353.5438,1403.393,231.264,6.0688,0.9636,1842.4047,1986.2279,227.947,8.7135,0.9289,1406.2414,1465.0305,231.9113,6.3172,0.96
2014-01-22T11:27:59.269Z,1360.7251,1414.3151,231.319,6.1141,0.9602,1828.9417,1977.8059,227.5753,8.6905,0.9245,1410.5028,1467.4951,231.6165,6.3354,0.96
2014-01-22T11:28:59.428Z,1352.9454,1406.6767,231.4963,6.0764,0.96,1849.6068,1992.33,227.6468,8.7524,0.929,1420.2993,1482.4448,231.9818,6.3902,0.9587
2014-01-22T11:29:59.580Z,1349.3127,1402.8182,231.3352,6.0635,0.9601,1864.3498,2009.1086,227.757,8.8206,0.9298,1414.9117,1483.6491,231.3541,6.4133,0.9516
2014-01-22T11:30:59.996Z,1358.136,1414.3741,231.0767,6.1208,0.96,1857.0094,2006.5023,227.3968,8.824,0.9262,1418.0592,1486.1074,231.4339,6.4213,0.9529
2014-01-22T11:31:59.133Z,1369.3569,1425.4234,231.0524,6.1693,0.9599,1861.9754,2013.8846,227.5931,8.8486,0.9236,1422.4291,1490.1178,231.8051,6.4277,0.9537
2014-01-22T11:32:59.322Z,1370.4462,1428.551,230.2078,6.2055,0.96,1853.3415,2007.4667,227.7295,8.8149,0.9232,1421.7203,1488.5767,231.904,6.4186,0.9548
2014-01-22T11:33:59.427Z,1381.226,1442.2198,230.1728,6.266,0.9599,1839.9485,1999.1706,227.3703,8.7928,0.9201,1426.1501,1489.7674,232.1666,6.4166,0.9589
2014-01-22T11:34:59.588Z,1401.5482,1462.7286,231.1484,6.3275,0.96,1840.7872,2006.2467,227.3233,8.825,0.9197,1431.8285,1493.0929,232.2724,6.4284,0.96
2014-01-22T11:35:59.678Z,1405.6827,1470.529,230.8944,6.3684,0.9571,1837.8324,2004.4199,227.5276,8.8094,0.9182,1444.6032,1504.7918,232.5857,6.4701,0.96
2014-01-22T11:36:59.885Z,1410.8736,1473.8961,230.9557,6.382,0.9597,1862.4489,2026.2829,228.7292,8.8586,0.9199,1453.1326,1516.1048,232.9702,6.5079,0.96
2014-01-22T11:37:59.093Z,1400.7496,1468.4345,230.2192,6.3784,0.9546,1868.5269,2027.8525,229.272,8.8447,0.9205,1467.5466,1533.3584,232.9681,6.5815,0.9581
2014-01-22T11:38:59.182Z,1393.8041,1468.3726,229.6868,6.3925,0.9498,1867.7058,2022.4441,229.5157,8.812,0.9224,1488.2538,1554.2366,233.214,6.6642,0.9591
2014-01-22T11:39:59.325Z,1387.3236,1462.4193,229.4129,6.3746,0.95,1856.7224,2012.9718,229.0787,8.7876,0.9213,1479.335,1545.7028,232.6473,6.6436,0.9586
2014-01-22T11:40:59.460Z,1407.6822,1487.5081,229.8461,6.4713,0.9473,1855.3611,2021.4578,228.1545,8.8601,0.9176,1487.5791,1555.21,232.8223,6.6797,0.9575
2014-01-22T11:41:59.522Z,1402.6215,1481.5127,230.6,6.4247,0.9487,1868.5068,2029.2058,227.8932,8.9041,0.92,1494.4178,1563.5497,233.1962,6.7047,0.9567
2014-01-22T11:42:59.796Z,1416.6097,1494.1453,230.9562,6.4698,0.9496,1850.4119,2020.4392,226.8647,8.9061,0.9182,1480.0758,1545.8273,233.2233,6.6283,0.9591
2014-01-22T11:43:59.890Z,1431.573,1502.1433,232.0195,6.4741,0.9524,1872.3598,2044.4632,227.2129,8.9982,0.9166,1474.9153,1542.8187,233.3612,6.6109,0.9564
2014-01-22T11:44:59.003Z,1428.9152,1507.3482,230.7086,6.534,0.9476,1850.25,2027.5412,226.0809,8.9678,0.9131,1477.728,1545.4792,233.7056,6.6133,0.9565
2014-01-22T11:45:59.093Z,1466.4792,1541.0183,231.6635,6.652,0.9529,1820.2453,2024.1744,223.6703,9.0498,0.9003,1443.1184,1507.9603,233.1422,6.4681,0.957
2014-01-22T11:46:59.215Z,1438.6286,1507.964,232.1861,6.4945,0.9533,1890.8167,2072.8259,227.0987,9.1275,0.9123,1462.2197,1540.8301,232.2488,6.6345,0.948
2014-01-22T11:47:59.353Z,1421.3354,1487.6953,232.2202,6.4066,0.9566,1931.5741,2101.2375,229.3749,9.1611,0.9191,1471.4886,1557.7906,231.7265,6.7231,0.9441
2014-01-22T11:48:59.470Z,1425.676,1493.054,232.1671,6.4308,0.9555,1927.262,2098.0602,229.4238,9.1449,0.9187,1474.9195,1559.5958,231.9053,6.7248,0.9464
2014-01-22T11:49:59.532Z,1429.4383,1502.0141,232.1425,6.4705,0.9502,1911.4392,2085.1808,228.6303,9.1211,0.9174,1483.4653,1565.1201,232.0923,6.7437,0.9489
2014-01-22T11:50:59.702Z,1410.7976,1486.8725,231.7415,6.4164,0.948,1924.181,2089.2821,228.856,9.1298,0.9211,1495.4893,1582.4349,232.1167,6.8175,0.9457
2014-01-22T11:51:59.816Z,1399.8954,1480.7914,230.7171,6.4185,0.9457,1917.1626,2085.301,228.046,9.1444,0.9197,1489.9788,1582.4355,231.3788,6.8388,0.941
2014-01-22T11:52:59.004Z,1403.4801,1488.1249,230.0841,6.4674,0.9422,1903.1281,2076.8401,227.6101,9.1245,0.9166,1488.4825,1579.7835,231.1015,6.836,0.9407
2014-01-22T11:53:59.272Z,1426.7475,1511.4674,230.3422,6.562,0.9442,1889.7743,2074.4926,226.969,9.1408,0.9111,1485.2659,1572.0057,231.5529,6.7891,0.9447
2014-01-22T11:54:59.806Z,1438.3801,1520.4511,230.7615,6.5887,0.9469,1891.9511,2081.6468,226.397,9.1952,0.9091,1479.4118,1566.3592,231.8175,6.757,0.9441
2014-01-22T11:55:59.006Z,1426.0956,1509.0836,230.2334,6.5543,0.9446,1897.349,2085.572,226.4677,9.209,0.9089,1473.0265,1565.886,230.9476,6.7803,0.9404
2014-01-22T11:56:59.064Z,1406.4882,1494.4451,229.9979,6.4975,0.9401,1917.3629,2095.6045,227.6773,9.2034,0.9152,1493.1611,1592.2691,230.3529,6.9127,0.9384
2014-01-22T11:57:59.312Z,1402.252,1490.6497,230.1025,6.4782,0.9402,1922.506,2099.6358,227.3371,9.236,0.9165,1492.9201,1595.2648,230.3141,6.9262,0.9366
2014-01-22T11:58:59.456Z,1431.4106,1520.0533,230.6578,6.5899,0.9404,1906.1798,2097.5988,226.3655,9.2662,0.909,1488.3154,1585.5687,230.5138,6.8787,0.9395
2014-01-22T11:59:59.626Z,1441.8561,1526.772,231.1217,6.6062,0.9443,1909.5943,2105.5959,226.246,9.3067,0.906,1481.0504,1578.0701,230.7411,6.8391,0.9398
2014-01-22T12:00:59.776Z,1440.7205,1524.8126,231.3644,6.5906,0.9448,1929.7751,2120.0602,227.2876,9.3277,0.9098,1491.8776,1591.8176,230.7116,6.8996,0.9386
2014-01-22T12:01:59.862Z,1464.2655,1553.9839,231.6885,6.7068,0.9411,1910.2935,2108.5201,226.571,9.3063,0.9058,1506.612,1598.0773,231.2555,6.9101,0.9408
2014-01-22T12:02:59.064Z,1441.1174,1537.2898,230.4316,6.6711,0.9364,1913.7269,2100.2742,227.2791,9.2413,0.9112,1525.1753,1618.2587,231.5941,6.9873,0.9412
2014-01-22T12:03:59.462Z,1425.7389,1527.4863,229.5092,6.6555,0.9326,1917.9369,2101.6701,227.6148,9.2335,0.9122,1530.677,1629.3341,230.9699,7.0542,0.9399
2014-01-22T12:04:59.685Z,1425.8256,1523.3141,229.7903,6.6288,0.9351,1936.9054,2122.2129,228.3975,9.2923,0.9122,1520.9473,1626.3453,230.0189,7.0704,0.9349
2014-01-22T12:05:59.858Z,1438.6458,1531.3502,229.95,6.6592,0.94,1938.826,2137.4234,228.0572,9.3725,0.9093,1495.8846,1606.6885,228.9502,7.0176,0.93
2014-01-22T12:06:59.973Z,1429.4711,1526.5959,229.7802,6.6442,0.9374,1946.0502,2138.8835,228.3756,9.3658,0.91,1509.6728,1622.977,228.8766,7.0914,0.93
2014-01-22T12:07:59.130Z,1430.6607,1522.569,230.5265,6.6046,0.9389,1970.4568,2160.454,229.1514,9.4282,0.9119,1509.8959,1627.6271,228.7554,7.1148,0.9282
2014-01-22T12:08:59.213Z,1438.5745,1524.7559,231.5159,6.5863,0.9425,1990.4624,2181.1454,229.1132,9.5196,0.9115,1504.4521,1626.6782,228.9491,7.1049,0.9249
2014-01-22T12:09:59.344Z,1423.1809,1526.9648,229.0173,6.6679,0.9315,1961.5148,2147.7417,229.0701,9.3754,0.9125,1534.7503,1651.5561,229.6274,7.1922,0.9295
2014-01-22T12:10:59.480Z,1435.7872,1528.0025,231.2765,6.6065,0.94,1987.982,2179.0871,228.9775,9.5165,0.9115,1515.7487,1639.1446,228.591,7.1705,0.9248
2014-01-22T12:11:59.599Z,1443.2103,1535.8254,231.238,6.6417,0.9391,1985.8605,2182.8296,228.8043,9.5405,0.9101,1511.5724,1636.0183,228.3762,7.1638,0.9227
2014-01-22T12:12:59.709Z,1457.8501,1551.5531,231.3577,6.7058,0.9397,1977.7276,2180.0889,228.6313,9.5355,0.9074,1515.8025,1635.5625,228.6329,7.1541,0.9287
2014-01-22T12:13:59.796Z,1450.3336,1549.3277,230.9965,6.7077,0.9365,1984.8112,2180.123,229.3853,9.5047,0.9095,1535.1726,1655.469,228.9153,7.2316,0.929
2014-01-22T12:14:59.935Z,1443.6088,1544.4586,231.0283,6.6851,0.9349,1992.9372,2185.5745,229.5675,9.5202,0.9114,1541.2223,1664.7733,228.5652,7.2837,0.9261
2014-01-22T12:15:59.081Z,1457.1871,1562.7278,230.7286,6.7729,0.9315,1982.1722,2173.5534,229.1816,9.4838,0.9113,1563.1124,1678.0407,230.4202,7.2824,0.9303
2014-01-22T12:16:59.137Z,1437.7449,1548.667,229.6232,6.7443,0.9297,1999.5159,2180.1425,230.4685,9.4603,0.9182,1580.925,1701.7948,230.4008,7.386,0.9288
2014-01-22T12:17:59.276Z,1418.6884,1533.0428,229.4071,6.6826,0.9258,2015.9118,2190.1729,231.2552,9.4713,0.92,1586.6971,1715.9741,229.4851,7.4774,0.9239
2014-01-22T12:18:59.393Z,1433.6099,1548.486,229.3225,6.7522,0.9253,2008.6092,2187.2924,230.5134,9.4887,0.9192,1590.1792,1714.9095,230.6451,7.435,0.9277
2014-01-22T12:19:59.500Z,1440.6516,1550.7212,229.9488,6.7441,0.9285,2030.8345,2206.6601,231.3452,9.5383,0.92,1595.2039,1721.7716,231.1185,7.4506,0.9273
2014-01-22T12:20:59.741Z,1455.4723,1572.8649,229.328,6.8583,0.9268,2010.3492,2190.3754,231.5173,9.4605,0.9195,1613.9734,1730.7143,231.9228,7.4629,0.9311
2014-01-22T12:21:59.906Z,1452.3568,1572.4977,229.2281,6.8602,0.9235,2007.9374,2187.7211,231.0708,9.4672,0.92,1616.7359,1735.0749,231.8031,7.4843,0.9309
2014-01-22T12:22:59.138Z,1451.5737,1573.543,228.928,6.8744,0.9216,2007.8492,2188.3604,230.886,9.4787,0.9199,1619.001,1737.7184,231.8015,7.4967,0.9308
2014-01-22T12:23:59.292Z,1465.463,1587.7589,229.0074,6.9337,0.923,1998.412,2187.0874,230.6296,9.4834,0.9123,1613.9469,1731.0461,231.6644,7.4719,0.9313
2014-01-22T12:24:59.493Z,1474.8954,1594.9612,229.8146,6.9405,0.9247,2012.6979,2203.6959,230.8555,9.5457,0.9116,1615.4646,1735.4509,231.5608,7.4943,0.9301
2014-01-22T12:25:59.653Z,1455.076,1575.8123,229.3595,6.8706,0.9234,2023.0054,2212.6665,231.0374,9.5768,0.9134,1603.8715,1734.323,229.9722,7.5415,0.9248
2014-01-22T12:26:59.823Z,1462.0098,1589.5007,228.8142,6.9468,0.9193,2010.3784,2197.7913,230.4593,9.537,0.9158,1625.4841,1748.2261,231.7364,7.5443,0.9301
2014-01-22T12:27:59.983Z,1475.7017,1597.1923,228.948,6.9767,0.9245,2002.6024,2205.7277,229.6359,9.6051,0.91,1593.9671,1720.6375,230.3652,7.4688,0.9271
2014-01-22T12:28:59.039Z,1479.7344,1597.5105,229.4597,6.962,0.9275,2005.2079,2216.8037,229.5325,9.6579,0.9042,1575.1296,1707.3142,228.8743,7.4597,0.922
2014-01-22T12:29:59.151Z,1476.2961,1594.0842,230.0171,6.9304,0.9266,2022.0508,2225.8328,230.1228,9.6722,0.9098,1588.1321,1721.5891,229.1659,7.5126,0.9211
2014-01-22T12:30:59.417Z,1472.8351,1594.6633,229.5143,6.9481,0.9232,2017.9147,2221.5111,229.9675,9.6599,0.91,1593.3776,1727.2782,229.132,7.5386,0.9209
2014-01-22T12:31:59.617Z,1468.332,1603.0996,227.6177,7.0434,0.9153,1985.738,2191.8129,229.1999,9.5629,0.9072,1607.7057,1735.0577,229.8363,7.5492,0.9265
2014-01-22T12:32:59.705Z,1501.5252,1645.0607,227.2057,7.2404,0.9124,1931.8832,2152.909,226.5085,9.5045,0.8979,1618.1637,1727.293,232.2383,7.4375,0.9375
2014-01-22T12:33:59.910Z,1499.7601,1646.7669,227.8308,7.2286,0.909,1944.3159,2156.8808,227.2026,9.4931,0.9,1641.8566,1749.4441,232.8742,7.5125,0.9396
2014-01-22T12:34:59.164Z,1480.104,1629.1535,227.1733,7.1718,0.9088,1961.3364,2165.5936,227.911,9.5024,0.9047,1646.6895,1761.8181,232.4634,7.5786,0.9348
2014-01-22T12:35:59.250Z,1472.0472,1615.5317,226.8563,7.1215,0.9122,1985.4596,2185.5453,229.4274,9.5261,0.91,1639.154,1761.7004,231.8266,7.5992,0.93
2014-01-22T12:36:59.308Z,1483.9277,1632.2531,226.3546,7.2112,0.9101,1969.1329,2173.4845,229.6101,9.4663,0.9067,1651.3541,1766.342,232.3959,7.6004,0.9352
2014-01-22T12:37:59.430Z,415.3792,466.6099,228.5204,2.0602,0.0601,645.616,734.7811,230.87,3.2006,0.7543,463.3342,500.7632,234.0992,2.1543,0.7574
2014-01-22T12:38:59.738Z,-3.0709,11.5537,230.5419,0.0502,-0.2653,7.1377,15.3765,230.9644,0.0673,0.4632,12.2001,17.3722,234.6041,0.0705,0.7022
2014-01-22T12:39:59.120Z,-2.908,11.3757,230.9934,0.0492,-0.2543,7.3263,15.5214,231.2057,0.0682,0.4714,12.1125,17.2842,233.8812,0.0702,0.7011
2014-01-22T19:52:59.715Z,1592.6708,1747.428,225.8465,7.352,40.2669,2104.4759,2302.4629,225.8071,9.7798,32.1665,1697.5141,1817.8514,227.8463,7.5884,0.9122
2014-01-22T19:53:59.827Z,1458.9434,1566.1901,229.5585,6.8229,0.9309,1945.5445,2148.0856,227.973,9.423,0.907,1536.9363,1645.5601,230.5115,7.1387,0.9327
2014-01-22T19:55:59.628Z,1445.4726,1569.3758,245.114,28.6321,3.9114,1876.1505,2084.2004,224.8269,9.1495,0.8878,1601.2652,1776.1722,228.5651,7.5331,0.9247
2014-01-22T19:56:59.793Z,1023.2586,1104.2242,230.3676,4.8116,0.5688,1390.8694,1569.4175,227.6838,6.9101,0.8575,1045.2662,1120.3543,230.6451,4.8718,0.8585
2014-01-22T19:57:59.975Z,-2.3137,10.3753,232.8387,0.0443,-0.2218,26.3552,37.4686,228.94,0.1646,0.5527,12.1052,17.1733,232.0232,0.0706,0.7051
2014-01-22T19:58:59.093Z,-2.3118,10.3505,232.7173,0.0439,-0.2225,7.6491,15.6394,228.9494,0.0696,0.489,12.068,17.1871,231.696,0.0711,0.7024
2014-01-22T19:59:59.219Z,-2.3476,10.3513,232.4596,0.0446,-0.2257,7.4648,15.4561,228.9487,0.0688,0.4827,12.0922,17.1623,231.5504,0.0704,0.7046
2014-01-22T20:00:59.304Z,-2.261,10.2426,231.6268,0.0442,-0.22,7.4229,15.3845,229.0827,0.0684,0.4823,12.1483,17.1258,231.5617,0.0705,0.7097
2014-01-22T20:01:59.525Z,-2.3337,10.3864,231.0553,0.0444,-0.2215,7.3308,15.2929,228.2476,0.0685,0.4791,12.1041,17.0985,230.7706,0.0703,0.7082
2014-01-22T20:09:59.810Z,1369.6217,2096.8067,248.1617,6.595,0.1633,1392.15,2082.6917,246.6483,6.6,0.4417,1409.53,2116.1917,210.5817,6.6217,0.3983
2014-01-22T20:10:59.878Z,-2.4493,10.6207,233.8379,0.0457,-0.2286,7.9994,16.1347,228.8315,0.0703,0.4955,12.2093,17.3243,232.8157,0.0716,0.7054
2014-01-22T20:11:59.972Z,-2.4593,10.7214,231.4747,0.0466,-0.2287,7.5126,15.6547,228.1306,0.0695,0.4802,12.256,17.3829,233.4056,0.0716,0.7049
2014-01-22T20:12:59.057Z,-2.403,10.777,234.5292,0.0467,-0.2218,7.9479,15.8842,225.9697,0.0702,0.5003,12.2365,17.3323,233.7717,0.071,0.7065
2014-01-22T20:13:59.124Z,-2.6605,11.156,234.8031,0.0477,-0.235,7.832,16.1965,226.3621,0.0712,0.4864,12.1053,17.4565,232.7766,0.0721,0.6946
2014-01-22T20:14:59.043Z,162.4412,259.403,225.1606,1.0666,0.152,177.8628,262.9744,221.964,0.8504,0.4494,179.5652,267.558,224.1302,0.8558,0.6536
2014-01-22T20:15:59.131Z,-2.2409,10.1252,230.1833,0.044,-0.2204,7.2491,15.5897,229.8614,0.069,0.4656,12.2401,17.208,232.5196,0.0704,0.7114
2014-01-22T20:16:59.204Z,-2.3174,10.2431,231.3746,0.0447,-0.2244,7.4295,15.6757,230.1453,0.0693,0.4737,12.1866,17.2362,231.7064,0.0707,0.7082
2014-01-22T20:17:59.325Z,-2.3386,10.3345,233.068,0.044,-0.2253,7.7385,15.9231,229.9593,0.0697,0.4867,12.1503,17.1594,231.4761,0.0703,0.708
2014-01-22T20:18:59.460Z,-2.5036,10.556,233.7513,0.0449,-0.2365,7.7081,15.8395,230.5429,0.0698,0.4864,12.2282,17.1669,231.577,0.0706,0.7121
2014-01-22T20:19:59.648Z,-2.6261,10.7085,233.4599,0.0469,-0.2443,7.6614,15.894,230.1659,0.0702,0.483,12.1904,17.1738,231.4981,0.0711,0.71
2014-01-22T20:20:59.810Z,-2.4626,10.63,233.8784,0.0454,-0.2304,7.9096,16.1733,230.0793,0.0707,0.4896,12.2438,17.3188,232.6273,0.0712,0.7076
2014-01-22T20:21:59.939Z,-2.4571,10.6853,233.9634,0.0463,-0.2286,7.7818,16.0953,229.5763,0.0705,0.4834,12.209,17.2906,232.7028,0.071,0.7064
2014-01-22T20:22:59.061Z,-2.4591,10.7643,233.6567,0.0463,-0.2272,7.8851,16.1071,229.5063,0.0701,0.4893,12.2309,17.3514,232.9088,0.071,0.7053
2014-01-22T20:23:59.281Z,-2.2627,10.4438,232.0059,0.0447,-0.2159,7.6006,16.0111,230.2788,0.07,0.4745,12.2856,17.3664,233.8799,0.0713,0.7077
2014-01-22T20:24:59.429Z,-2.5191,10.7837,234.6035,0.0465,-0.232,8.0963,16.2537,229.9835,0.0704,0.4976,12.2703,17.2773,232.5234,0.0712,0.7102
2014-01-22T20:25:59.589Z,-2.4794,10.8341,235.4784,0.0463,-0.2281,8.1836,16.2597,229.7693,0.0704,0.5037,12.1674,17.2581,232.567,0.0709,0.7052
2014-01-22T20:26:59.803Z,-2.4883,10.8629,235.6674,0.0462,-0.2279,33.6726,44.407,230.5231,0.1924,0.5864,12.2313,17.2527,232.5399,0.071,0.7088
2014-01-22T20:27:59.912Z,1122.6048,1169.789,232.9312,5.0329,0.7175,1549.6951,1697.1718,229.353,7.4068,0.8991,1150.0214,1221.8478,231.4074,5.286,0.9063
2014-01-22T20:28:59.084Z,1440.8818,1509.359,231.6304,6.5164,0.9538,1899.1053,2078.927,228.7025,9.0897,0.9138,1460.9988,1532.24,230.8557,6.6377,0.9541
2014-01-22T20:29:59.238Z,1456.3337,1531.5417,230.8979,6.6332,0.95,1906.5296,2102.094,227.7124,9.2312,0.9084,1464.4734,1545.7395,230.1782,6.7155,0.9489
2014-01-22T20:30:59.761Z,1433.8671,1508.4131,230.313,6.5501,0.95,1903.4232,2091.5277,227.8147,9.181,0.9101,1458.9231,1542.3899,229.5776,6.7186,0.9463
2014-01-22T20:31:59.865Z,1413.5168,1490.3178,229.6901,6.4883,0.9499,1917.7119,2094.0954,228.7134,9.1562,0.9165,1472.641,1560.1065,229.5508,6.7958,0.9427
2014-01-22T20:32:59.059Z,1400.6303,1492.5941,227.3431,6.5655,0.9377,1894.2596,2065.1584,229.2695,9.0073,0.9195,1505.5177,1588.8109,230.2534,6.9007,0.9467
2014-01-22T20:33:59.186Z,1415.6851,1505.4184,227.4912,6.6168,0.9413,1889.3948,2069.8346,228.7846,9.0478,0.9138,1493.5039,1576.7486,230.3338,6.8459,0.9476
2014-01-22T20:34:59.391Z,1434.5463,1510.1273,229.9785,6.566,0.95,1930.994,2115.041,229.3727,9.2218,0.9118,1477.4631,1567.5058,229.8253,6.8202,0.9402
2014-01-22T20:35:59.543Z,1452.0599,1526.7136,230.8209,6.6143,0.9501,1944.2865,2129.83,229.8212,9.2672,0.9103,1489.2023,1578.4263,230.4016,6.8513,0.942
2014-01-22T20:36:59.647Z,1450.8401,1528.4553,230.6456,6.6272,0.95,1945.252,2132.8856,229.561,9.2916,0.9105,1492.7029,1585.1516,230.0833,6.8897,0.94
2014-01-22T20:37:59.828Z,1451.8246,1531.6972,230.9327,6.6326,0.9492,1951.193,2138.2,229.5116,9.316,0.9111,1503.4191,1597.3098,230.1382,6.9405,0.9402
2014-01-22T20:38:59.927Z,1455.8802,1541.301,231.2583,6.6652,0.9444,1958.8995,2142.9889,229.4072,9.3409,0.9117,1525.8406,1620.4939,230.6833,7.0247,0.9408
2014-01-22T20:39:59.086Z,1456.9045,1544.5268,231.509,6.6711,0.9412,1963.777,2145.2178,229.792,9.3359,0.9162,1537.9045,1632.0122,230.8869,7.0682,0.9405
2014-01-22T20:40:59.217Z,1456.7592,1544.7117,231.7193,6.6664,0.9412,1952.3238,2132.1557,229.6829,9.2833,0.9167,1540.422,1629.7384,231.262,7.0471,0.9451
2014-01-22T20:41:59.421Z,1419.8871,1502.0254,231.5504,6.4866,0.9462,1906.9673,2072.2159,229.6357,9.0235,0.9196,1517.893,1593.7106,231.1294,6.8956,0.953
2014-01-22T20:42:59.524Z,1392.5642,1475.688,231.2119,6.3823,0.9431,1913.0461,2064.6968,230.6918,8.9503,0.9287,1526.6634,1603.7451,231.0683,6.9403,0.95
2014-01-22T20:43:59.702Z,1391.5136,1496.2229,228.293,6.555,0.9303,1873.2128,2034.6809,229.9049,8.8495,0.9184,1548.5595,1624.0891,231.2267,7.0238,0.9536
2014-01-22T20:44:59.078Z,1387.8378,1501.9114,225.9601,6.6466,0.9222,1853.1679,2037.1877,227.7977,8.943,0.9098,1516.7799,1606.1254,228.9211,7.0163,0.9447
2014-01-22T20:45:59.300Z,1413.0162,1514.5595,227.8811,6.6465,0.9343,1896.4797,2098.5057,226.9546,9.2463,0.9033,1483.2548,1590.5462,227.2863,6.9975,0.9313
2014-01-22T20:46:59.420Z,1420.6439,1530.4919,227.0405,6.7412,0.9299,1896.5671,2113.9083,225.6463,9.3683,0.899,1479.3015,1598.2182,225.9342,7.0735,0.9258
2014-01-22T20:47:59.524Z,1083.2877,1173.8015,227.9308,5.1657,0.6438,1499.7232,1690.2861,226.6901,7.472,0.8646,1115.1776,1207.0342,226.5961,5.3403,0.8652
2014-01-22T20:48:59.616Z,-2.4257,10.4715,231.1079,0.0456,-0.2309,30.4813,42.3829,228.077,0.1861,0.5639,12.1267,16.9938,229.6505,0.0702,0.7136
2014-01-22T20:49:59.715Z,-2.4286,10.4951,231.417,0.0454,-0.2306,7.322,15.4259,228.0601,0.0691,0.4752,12.1133,17.0712,229.7367,0.0706,0.7098
2014-01-22T20:50:59.901Z,-2.4328,10.4974,230.8419,0.0457,-0.2306,7.1913,15.3304,228.0744,0.0683,0.4689,12.125,17.0221,229.6632,0.0704,0.712
2014-01-22T20:51:59.066Z,-2.3202,10.4385,231.3683,0.0453,-0.222,7.2901,15.4477,227.4634,0.069,0.4715,12.028,17.0308,229.5428,0.0709,0.7061
2014-01-22T20:52:59.164Z,-2.4403,10.5394,231.8819,0.0457,-0.2305,7.2949,15.321,227.6927,0.069,0.4761,12.0781,17.0907,229.3645,0.0719,0.7076
2014-01-22T20:53:59.234Z,-2.3764,10.306,231.0469,0.0439,-0.2295,7.194,15.4077,227.9156,0.0688,0.4669,12.0985,17.0382,229.6576,0.0712,0.71
2014-01-22T20:54:59.293Z,-2.1922,10.039,225.7139,0.0441,-0.2177,6.4329,14.7991,228.6066,0.064,0.4335,12.1316,17.1152,231.0343,0.0705,0.7088
2014-01-22T20:55:59.355Z,-2.4735,10.4421,230.8284,0.0453,-0.2362,7.2364,15.3163,227.9035,0.0683,0.472,12.0803,16.9895,229.0519,0.071,0.7109
2014-01-22T20:56:59.518Z,-2.4739,10.5829,232.0681,0.0457,-0.2324,7.3593,15.4098,227.2603,0.0687,0.4768,11.9901,16.9599,228.3711,0.0709,0.707
2014-01-22T20:57:59.682Z,-2.5211,10.8011,231.2154,0.0469,-0.2317,7.1753,15.3841,225.7934,0.0689,0.4664,12.0289,17.0967,229.1647,0.0716,0.7036
2014-01-22T20:58:59.821Z,-2.4053,10.5215,230.5278,0.0461,-0.2279,7.1165,15.1777,226.617,0.0683,0.4687,11.9899,16.9352,228.3865,0.0707,0.7081
2014-01-22T20:59:59.951Z,-2.4479,10.6557,230.9294,0.0469,-0.2285,7.1867,15.4061,227.2688,0.0689,0.4663,11.9661,17.0124,229.1304,0.0712,0.7031
2014-01-22T21:00:59.198Z,-2.3458,10.3641,230.3188,0.0451,-0.2252,7.1817,15.3812,227.5,0.0685,0.4669,12.0578,17.0958,229.1035,0.0713,0.706
2014-01-22T21:01:59.556Z,-2.7333,12.8439,230.3537,0.0553,-0.2202,7.0913,17.9172,227.5749,0.0797,0.4296,11.7852,19.4338,230.1094,0.0814,0.6511
2014-01-22T21:02:59.021Z,-2.5752,11.6412,230.5261,0.0506,-0.2223,7.1058,16.8242,227.161,0.0751,0.4505,12.0122,18.0461,230.2344,0.0751,0.6877
2014-01-22T21:03:59.216Z,-2.3649,10.4812,231.1031,0.0451,-0.2245,7.4247,15.4718,227.0446,0.0691,0.4795,12.1007,17.0528,230.2865,0.0702,0.7103
2014-01-22T21:04:59.349Z,-2.3354,10.5468,230.9627,0.046,-0.221,7.316,15.6247,227.2447,0.0701,0.4694,12.0023,17.1739,230.1657,0.0719,0.6998
2014-01-22T21:05:59.439Z,-2.3222,10.4266,231.4261,0.0451,-0.2213,7.4006,15.6378,225.7299,0.0702,0.4735,12.073,17.2309,230.2401,0.0713,0.7025
2014-01-22T21:06:59.528Z,-2.4239,10.6504,231.5526,0.0466,-0.2264,7.322,15.4091,225.8596,0.0691,0.4752,12.0867,17.1347,230.5183,0.071,0.7056
2014-01-22T21:07:59.725Z,-2.3826,10.5703,231.5697,0.0454,-0.2243,7.4435,15.7981,225.5273,0.0707,0.4726,12.0949,17.2674,230.5082,0.0719,0.7013
2014-01-22T21:08:59.837Z,-2.5039,11.1829,231.0729,0.049,-0.2266,7.3648,15.7071,226.5956,0.0702,0.4721,12.0245,17.1102,230.0698,0.0712,0.7033
2014-01-22T21:09:59.037Z,-2.3069,10.509,229.2276,0.0457,-0.218,7.0527,15.4166,226.4727,0.069,0.4576,12.1026,17.2237,231.6202,0.0712,0.703
2014-01-22T21:10:59.287Z,-2.3047,10.7961,229.9957,0.0468,-0.2166,7.0606,15.7684,227.4693,0.0702,0.45,11.9841,17.8649,231.1064,0.0746,0.6853
2014-01-22T21:11:59.624Z,-2.5097,10.994,230.9793,0.0469,-0.2291,7.2568,16.0405,227.7632,0.0715,0.46,12.1229,17.4932,230.9722,0.0733,0.6961
2014-01-22T21:12:59.821Z,-2.3629,10.4983,230.4187,0.0465,-0.2238,7.1786,15.5563,228.149,0.0686,0.4613,12.1113,17.2248,231.0507,0.0723,0.7028
2014-01-22T21:14:59.143Z,-2.4328,10.5302,231.1812,0.0456,-0.2299,7.2965,15.4458,226.8603,0.0693,0.4722,12.1195,17.1766,231.1596,0.0711,0.7055
2014-01-22T21:15:59.432Z,-2.366,11.0151,231.8993,0.0467,-0.2194,7.3385,15.6264,224.1324,0.0709,0.4732,12.0661,17.4136,230.8001,0.0723,0.698
2014-01-22T21:16:59.737Z,-2.306,10.666,232.3452,0.0459,-0.2151,7.4214,15.6456,224.3841,0.0701,0.4748,12.1183,17.3557,231.2285,0.0728,0.6997
2014-01-22T21:18:59.144Z,-2.2448,10.3818,233.2476,0.0441,-0.2149,7.5333,15.4726,223.5707,0.0698,0.4869,12.1458,17.2898,231.4934,0.0714,0.7031
2014-01-22T21:19:59.399Z,-2.421,10.8113,232.7835,0.046,-0.2241,7.4264,15.6969,224.6396,0.0709,0.476,12.1865,17.6551,231.5651,0.0736,0.6956
2014-01-22T21:20:59.555Z,-2.3445,10.5164,233.0186,0.0447,-0.2213,7.6601,15.7004,225.1552,0.0699,0.4881,12.1384,17.3577,231.3422,0.072,0.6999
2014-01-22T21:21:59.763Z,-2.232,10.3478,233.7437,0.0437,-0.215,7.598,15.6737,225.0989,0.0702,0.4849,12.1214,17.2415,231.7822,0.0711,0.7034
2014-01-22T21:22:59.877Z,-2.4689,10.6266,233.9348,0.0454,-0.2309,7.7199,15.6617,224.918,0.0699,0.4931,12.1569,17.2282,231.9937,0.0706,0.7056
2014-01-22T21:23:59.979Z,-2.405,10.6233,233.7888,0.0453,-0.2248,7.7362,15.6194,224.5801,0.07,0.495,12.1847,17.2144,232.0485,0.0704,0.7081
2014-01-22T21:24:59.162Z,-2.4395,10.6395,234.1915,0.0457,-0.2286,7.7167,15.6566,223.8171,0.0703,0.4927,12.1205,17.1425,231.3673,0.0703,0.7071
2014-01-22T21:25:59.328Z,-2.135,10.2163,231.5382,0.0438,-0.2083,7.3448,15.3869,225.0526,0.0698,0.4774,12.0784,17.0399,229.6065,0.0705,0.7091
2014-01-22T21:26:59.381Z,-2.3143,10.474,233.62,0.0446,-0.2194,7.6785,15.5352,224.4562,0.0699,0.4941,12.0229,16.9736,228.9521,0.0713,0.7083
2014-01-22T21:27:59.494Z,-2.4259,10.6562,233.8281,0.046,-0.2263,7.6445,15.4978,224.2014,0.07,0.4932,12.0573,17.2535,229.0621,0.0728,0.7012
2014-01-22T21:28:59.714Z,-2.0637,10.0973,234.2562,0.042,-0.2038,7.7581,15.6189,223.6662,0.0699,0.4962,12.0144,17.1498,228.7533,0.0718,0.7017
2014-01-22T21:29:59.887Z,-2.271,10.2629,233.643,0.044,-0.2196,7.6402,15.5931,224.1615,0.0699,0.4901,12.0537,17.1835,230.4795,0.0714,0.7022
2014-01-22T21:30:59.999Z,-2.4079,10.6816,232.9345,0.0456,-0.2257,7.5794,15.4753,224.7067,0.0697,0.4901,12.1373,17.1487,230.7939,0.0711,0.7083
2014-01-22T21:31:59.102Z,-2.4041,10.8901,232.7658,0.0467,-0.2235,7.4284,16.3009,224.6317,0.074,0.4676,12.1486,18.1194,230.5613,0.0754,0.688
2014-01-22T21:32:59.258Z,-2.4181,10.4582,231.298,0.0453,-0.2308,7.3047,15.4162,227.52,0.069,0.4735,12.092,17.0373,230.0375,0.0702,0.7094
2014-01-22T21:33:59.385Z,-2.4446,10.5745,228.3963,0.0465,-0.2312,6.9254,15.2664,228.6451,0.0672,0.4537,12.1093,17.2562,230.8894,0.0713,0.7027
2014-01-22T21:34:59.619Z,-2.525,10.735,231.4957,0.0469,-0.2338,7.2789,15.34,225.832,0.0688,0.4741,12.1231,17.1539,230.8677,0.071,0.7066
2014-01-22T21:35:59.757Z,-2.4464,10.6423,232.8826,0.0465,-0.2293,7.5164,15.4501,223.8838,0.0698,0.487,12.131,17.2138,231.6163,0.071,0.7051
2014-01-22T21:36:59.917Z,-2.37,10.4786,231.2543,0.0451,-0.2244,7.228,15.2788,223.9371,0.0693,0.4726,12.138,17.2263,231.8562,0.071,0.7051
2014-01-22T21:37:59.025Z,-2.2104,10.2572,229.3001,0.0448,-0.2152,6.9503,15.1978,224.3854,0.069,0.457,12.1871,17.2345,232.4367,0.0705,0.7071
2014-01-22T21:38:59.192Z,-2.4286,10.6553,232.2134,0.0461,-0.2274,7.3656,15.4543,224.3055,0.0694,0.4768,12.0914,17.2355,231.8874,0.0709,0.7017
2014-01-22T21:39:59.282Z,-2.4639,10.776,233.1492,0.0469,-0.2276,7.5648,15.5756,223.8654,0.0701,0.486,12.1095,17.1865,231.7168,0.0705,0.7045
2014-01-22T21:40:59.398Z,-2.316,11.0165,232.6526,0.0469,-0.2147,7.3889,15.7627,223.4273,0.0711,0.4747,12.0262,17.5019,231.8412,0.0729,0.6916
2014-01-22T21:41:59.662Z,-2.3719,10.6685,233.0095,0.0459,-0.2213,7.4907,15.5598,223.1106,0.0703,0.4821,12.1457,17.35,231.9626,0.072,0.7004
2014-01-22T21:42:59.758Z,-2.5061,10.8969,233.9728,0.0473,-0.2286,7.6111,15.5957,223.8357,0.07,0.4881,12.0652,17.2156,231.9233,0.0711,0.7003
2014-01-22T21:43:59.844Z,-2.1224,10.4861,232.2787,0.0444,-0.2016,7.3923,15.9641,225.4346,0.0707,0.4636,12.1249,17.5738,232.83,0.073,0.6932
2014-01-22T21:44:59.927Z,-2.3307,10.9474,232.7078,0.0473,-0.2121,7.4614,16.2809,225.3321,0.0722,0.4662,12.1646,17.4722,232.8747,0.0722,0.6979
2014-01-22T21:45:59.117Z,-2.5875,10.92,234.7705,0.0466,-0.2356,7.8384,15.7499,223.6587,0.0702,0.4974,12.152,17.1997,232.0999,0.0705,0.7062
2014-01-22T21:46:59.479Z,-2.4507,10.8059,234.0677,0.0471,-0.2255,7.7086,15.6906,225.7073,0.0697,0.4914,12.084,17.121,231.1197,0.0705,0.7057
2014-01-22T21:47:59.535Z,-2.4704,10.6217,233.8562,0.0456,-0.2305,7.6518,15.6795,226.6276,0.0697,0.4873,12.1205,17.1262,231.3404,0.0702,0.707
2014-01-22T21:48:59.702Z,-2.3689,10.5632,234.4214,0.0454,-0.2233,7.719,15.752,226.7676,0.0697,0.4905,12.2256,17.2671,231.5771,0.0713,0.7089
2014-01-22T21:49:59.847Z,-2.4984,10.89,234.8617,0.0468,-0.2271,7.8721,16.0405,226.9995,0.0702,0.4906,12.1277,17.3521,233.0561,0.0714,0.6986
2014-01-22T21:51:59.197Z,-2.528,10.9109,234.3253,0.0474,-0.2305,7.7922,16.0466,228.0955,0.0702,0.4854,12.192,17.323,233.1347,0.0715,0.7041
2014-01-22T21:52:59.242Z,-2.3303,10.4583,231.3317,0.0456,-0.2212,7.288,15.7762,228.3924,0.0701,0.462,12.3073,17.4032,234.5964,0.0709,0.707
2014-01-22T21:53:59.367Z,-2.5078,10.7933,232.8774,0.0466,-0.2314,7.5495,15.8584,228.1353,0.0698,0.4756,12.2437,17.3955,234.0696,0.0716,0.7034
2014-01-22T21:54:59.682Z,-2.5107,10.7517,233.1045,0.0467,-0.2331,7.5922,15.8859,227.7172,0.0699,0.4772,12.2531,17.3646,233.3102,0.0717,0.7057
2014-01-22T21:55:59.736Z,-2.5027,10.6988,233.0008,0.0463,-0.2319,7.6102,15.867,228.4522,0.0698,0.479,12.2145,17.2634,232.4634,0.0713,0.7073
2014-01-22T21:56:59.908Z,-2.6196,10.8717,232.8215,0.0475,-0.2401,7.6133,15.9243,229.0023,0.0699,0.4777,12.1861,17.24,231.7481,0.0713,0.7072
2014-01-22T21:57:59.967Z,-2.5715,10.7524,232.8367,0.0459,-0.2376,7.5619,15.7951,229.2789,0.0697,0.4789,12.1361,17.1704,231.6798,0.0704,0.7068
2014-01-22T21:58:59.072Z,-2.4204,10.7462,232.8028,0.0467,-0.2247,7.5582,16.0054,229.8035,0.0701,0.4722,12.1574,17.3129,231.5988,0.0718,0.7025
2014-01-22T21:59:59.282Z,-2.3932,10.8796,232.9052,0.0473,-0.2205,7.4774,16.4772,229.8779,0.072,0.4618,12.127,17.8213,231.3761,0.0748,0.6912
2014-01-22T22:00:59.604Z,-2.3389,10.3949,233.2521,0.0444,-0.2248,7.6805,15.9852,229.5697,0.0701,0.48,12.1631,17.1971,231.5138,0.0714,0.7073
2014-01-22T22:01:59.065Z,-2.3251,10.3333,233.2561,0.0445,-0.2235,7.754,16.0418,229.6487,0.07,0.4841,12.1352,17.264,231.1331,0.0714,0.7038
2014-01-22T22:02:59.766Z,-2.3163,10.4353,232.5566,0.0447,-0.2215,7.5044,16.0566,229.3083,0.0707,0.4688,12.1334,17.3144,232.0705,0.0711,0.7022
2014-01-22T22:03:59.044Z,-2.3405,10.477,232.1643,0.0457,-0.2224,7.5874,15.8314,228.9778,0.0699,0.4784,12.2295,17.3033,232.759,0.0707,0.7077
2014-01-22T22:04:59.182Z,-2.2756,10.416,230.6353,0.0453,-0.2181,7.2924,15.9341,229.2505,0.0702,0.4583,12.2391,17.3278,233.4429,0.0709,0.7063
2014-01-22T22:05:59.310Z,-2.3699,10.5214,230.4094,0.046,-0.224,7.3373,15.8004,228.968,0.0694,0.4644,12.1972,17.3629,233.8288,0.0707,0.7024
2014-01-22T22:06:59.504Z,-2.5444,10.7554,231.3645,0.0471,-0.2352,7.3847,15.7581,228.6519,0.0696,0.4683,12.2255,17.3574,233.2868,0.0712,0.7048
2014-01-22T22:07:59.654Z,-2.5491,10.8023,230.4509,0.0473,-0.235,7.298,15.6811,228.9984,0.0694,0.4654,12.2552,17.4646,234.0157,0.0714,0.7021
2014-01-22T22:08:59.914Z,-2.554,11.0286,232.8105,0.0478,-0.2296,7.5483,15.951,228.6264,0.0699,0.473,12.2196,17.3798,233.0546,0.0715,0.7033
2014-01-22T22:09:59.999Z,-2.595,12.1056,232.3183,0.0519,-0.223,7.5003,16.9255,228.985,0.0745,0.4586,12.1151,18.0759,233.4461,0.0749,0.6856
2014-01-22T22:10:59.131Z,-2.536,10.9032,232.1708,0.0472,-0.2316,7.4659,15.948,228.966,0.0704,0.4689,12.212,17.3858,233.8314,0.0708,0.7028
2014-01-22T22:11:59.257Z,-2.2519,10.4491,229.8923,0.0452,-0.2148,7.2284,15.8914,229.825,0.07,0.4547,12.2966,17.4962,234.3565,0.0716,0.7029
2014-01-22T22:12:59.395Z,-2.2262,10.4579,230.5923,0.0455,-0.2129,7.2797,15.8122,230.2072,0.0696,0.4595,12.2561,17.3287,233.5839,0.0709,0.7072
2014-01-22T22:13:59.662Z,-2.5246,10.6982,232.8357,0.0464,-0.2351,7.6332,15.9465,230.384,0.0698,0.478,12.1861,17.3188,232.3662,0.0718,0.7039
2014-01-22T22:14:59.743Z,-2.5904,10.8363,232.6559,0.0474,-0.2384,7.6693,15.9276,230.0871,0.0694,0.4811,12.1867,17.2261,231.9583,0.0713,0.7077
2014-01-22T22:15:59.847Z,-2.4554,10.5711,232.1054,0.0459,-0.2304,7.6405,15.9711,230.2376,0.0701,0.4791,12.2115,17.2245,232.0264,0.0707,0.7093
2014-01-22T22:16:59.924Z,-2.2906,10.3038,231.6049,0.0439,-0.2213,7.5698,15.878,230.0067,0.0699,0.4765,12.258,17.291,233.0803,0.0703,0.7089
2014-01-22T22:17:59.252Z,-2.2414,10.3237,229.3134,0.0455,-0.2163,7.2005,15.6575,229.5368,0.0692,0.4598,12.3409,17.3983,234.2478,0.0705,0.7097
2014-01-22T22:18:59.370Z,-2.3734,10.4682,230.859,0.0453,-0.2252,7.3513,15.6753,229.6719,0.0694,0.4689,12.3029,17.2903,233.4904,0.0704,0.7114
2014-01-22T22:19:59.552Z,-2.5862,10.8698,232.6466,0.0472,-0.2382,7.6021,15.91,229.7568,0.0697,0.4779,12.2032,17.2691,232.7257,0.0706,0.7062
2014-01-22T22:20:59.965Z,-2.5572,10.7809,233.145,0.0465,-0.2363,7.6278,16.0439,229.7734,0.07,0.4759,12.1684,17.2869,232.9459,0.0709,0.704
2014-01-22T22:21:59.105Z,-2.5363,10.8969,233.5241,0.0478,-0.2317,7.8063,16.1453,229.8827,0.0702,0.4833,12.2334,17.4045,232.9357,0.0722,0.7032
2014-01-22T22:22:59.282Z,-2.459,10.8752,233.5446,0.0471,-0.2253,7.7696,16.1826,230.1196,0.0701,0.4801,12.2083,17.4433,233.1815,0.0722,0.7004
2014-01-22T22:23:59.402Z,-2.2829,10.3676,230.2495,0.0448,-0.2189,7.1904,15.9457,231.5593,0.0697,0.4513,12.2459,17.4262,233.6451,0.0718,0.7033
2014-01-22T22:24:59.459Z,-2.5431,10.8926,231.2671,0.0476,-0.2324,7.3767,16.1069,231.6726,0.0694,0.4578,12.2763,17.3622,233.0525,0.0722,0.7073
2014-01-22T22:25:59.917Z,-2.6574,10.9534,233.0368,0.0477,-0.2417,7.6089,16.0356,231.3894,0.0697,0.4747,12.2259,17.3463,232.6083,0.0723,0.7052
2014-01-22T22:26:59.037Z,-2.6005,10.9634,233.6818,0.0475,-0.2359,7.7579,16.3039,231.2809,0.0704,0.4757,12.1987,17.4146,232.8947,0.0721,0.7011
2014-01-22T22:27:59.108Z,-2.7493,11.1659,233.887,0.048,-0.2443,7.7156,16.2837,230.8621,0.0703,0.4738,12.3009,17.4687,233.598,0.0728,0.7047
2014-01-22T22:28:59.336Z,-2.6387,11.2348,234.2763,0.0484,-0.2334,7.8394,16.4483,230.8505,0.0704,0.4773,12.1672,17.4097,233.7917,0.0721,0.6988
2014-01-22T22:29:59.477Z,-2.6384,11.1217,235.248,0.0479,-0.2369,8.1,16.5571,231.08,0.0709,0.4893,12.1887,17.3999,233.1326,0.073,0.7004
2014-01-22T22:30:59.572Z,-2.5017,10.8667,232.7582,0.0463,-0.2291,7.5893,16.2901,230.886,0.07,0.4653,12.271,17.4915,233.3232,0.0732,0.7026
2014-01-22T22:31:59.653Z,-2.3467,10.4223,231.8952,0.0448,-0.2241,7.5473,16.0372,230.3388,0.07,0.471,12.2434,17.2596,232.8476,0.0706,0.7095
2014-01-22T22:32:59.726Z,-2.4583,10.7079,233.6964,0.0459,-0.229,7.7886,16.0349,229.9664,0.0698,0.4851,12.2327,17.1969,232.1377,0.0702,0.711
2014-01-22T22:33:59.883Z,-2.529,10.7439,232.705,0.0465,-0.2349,7.6212,15.8936,230.0114,0.0696,0.4797,12.2566,17.1957,231.9059,0.0707,0.7132
2014-01-22T22:34:59.026Z,-2.5454,10.5784,232.9666,0.0453,-0.2404,7.6339,15.9355,230.142,0.07,0.4788,12.2485,17.2504,232.259,0.0704,0.7105
2014-01-22T22:35:59.208Z,-2.5583,10.7523,233.4566,0.0461,-0.2367,7.7191,16.0593,230.2669,0.0698,0.481,12.3178,17.3388,233.4615,0.0703,0.7112
2014-01-22T22:36:59.343Z,-2.5643,10.7929,232.4047,0.0468,-0.2364,7.5774,15.8504,229.7756,0.0694,0.478,12.3111,17.2947,233.7253,0.0701,0.7122
2014-01-22T22:37:59.574Z,-2.5399,10.7275,230.3141,0.0468,-0.2351,7.2893,15.6929,229.1058,0.0693,0.4638,12.2662,17.3581,233.5264,0.0706,0.7068
2014-01-22T22:38:59.684Z,-2.4191,10.5779,230,0.0462,-0.2274,7.2396,15.6023,228.6574,0.0691,0.4636,12.245,17.4215,233.928,0.0706,0.7037
2014-01-22T22:39:59.834Z,-2.3712,10.3474,228.8271,0.0448,-0.2285,6.9095,15.5087,229.0371,0.0688,0.4463,12.2962,17.341,234.1669,0.0701,0.7089
2014-01-22T22:40:59.000Z,-2.5043,10.8236,231.9562,0.0471,-0.2288,7.405,15.9803,228.6635,0.0702,0.4647,12.1867,17.3376,233.4602,0.0708,0.7027
2014-01-22T22:41:59.139Z,-4.3431,15.4976,232.2626,0.0668,-0.2754,6.4596,18.1876,229.2468,0.0793,0.3588,11.0907,18.5462,233.0159,0.0797,0.5995
2014-01-22T22:42:59.297Z,-4.2957,14.522,232.3444,0.0626,-0.2863,6.7784,17.9549,229.4315,0.0784,0.384,11.3541,18.3766,232.9835,0.0787,0.6201
2014-01-22T22:43:59.387Z,-4.142,14.6777,232.4557,0.063,-0.2773,6.7446,17.9553,230.0754,0.0781,0.3796,11.1204,18.5251,233.5073,0.0789,0.6031
2014-01-22T22:44:59.488Z,-4.3116,15.1664,233.1214,0.065,-0.28,6.6685,18.4506,229.7873,0.0803,0.3633,11.5248,18.9645,233.3393,0.0818,0.6082
2014-01-22T22:45:59.665Z,-4.7164,15.4904,233.5378,0.0667,-0.2989,6.4044,18.518,229.981,0.0809,0.348,11.3743,18.9216,233.6474,0.0809,0.601
2014-01-22T22:46:59.887Z,-4.085,14.9957,230.5666,0.0651,-0.2683,6.0832,18.5624,230.2337,0.0802,0.3306,11.5694,19.0272,234.5333,0.0818,0.6088
2014-01-22T22:48:59.144Z,-4.1946,15.0578,233.2272,0.0644,-0.2745,6.7842,18.0137,229.8585,0.0784,0.3778,11.4355,18.6096,233.6629,0.0801,0.6155
2014-01-22T22:49:59.291Z,-4.9452,16.1265,233.8276,0.0691,-0.3034,6.419,18.9322,229.6834,0.0823,0.3401,11.3314,19.2811,233.3783,0.0831,0.5893
2014-01-22T22:50:59.555Z,-4.2422,15.0164,233.9874,0.0639,-0.279,6.8698,18.3066,229.8159,0.08,0.3769,11.6546,18.9695,233.9601,0.0816,0.6155
2014-01-22T22:51:59.715Z,-4.6876,15.8615,233.9616,0.0679,-0.2904,6.4117,18.7629,229.9285,0.082,0.3447,11.1546,18.9562,234.2511,0.0817,0.5897
2014-01-22T22:52:59.853Z,-3.9869,14.2624,233.8586,0.0612,-0.2734,6.9897,17.7413,229.9276,0.077,0.3969,11.5665,18.5437,234.1979,0.0791,0.6262
2014-01-22T22:53:59.938Z,-3.9455,14.1601,233.1455,0.0607,-0.2745,6.7212,17.7361,230.9051,0.0767,0.3836,11.7155,18.5112,234.4488,0.0787,0.6347
2014-01-22T22:54:59.169Z,-4.5325,15.2428,232.958,0.0658,-0.2941,6.5015,18.4228,231.6863,0.0796,0.3549,11.4162,19.1333,234.1774,0.0822,0.5977
2014-01-22T22:55:59.248Z,-4.6179,16.1333,230.6848,0.07,-0.2837,5.7415,18.6966,231.956,0.0806,0.3096,11.3529,19.3854,235.1797,0.0821,0.5874
2014-01-22T22:56:59.339Z,-3.7945,14.3645,229.7674,0.063,-0.2599,6.1188,18.1353,231.6576,0.0783,0.3405,11.3056,19.1769,235.6221,0.0819,0.5914
2014-01-22T22:57:59.512Z,-4.6486,15.3573,233.5954,0.066,-0.2988,6.423,18.7793,231.097,0.0812,0.3452,11.6748,19.1702,234.8786,0.0819,0.6091
2014-01-22T22:58:59.621Z,-4.2981,15.2451,235.0061,0.0652,-0.2786,7.0109,18.3131,230.6721,0.0793,0.3867,11.3937,18.9333,235.2563,0.0809,0.6032
2014-01-22T22:59:59.731Z,-4.4027,15.3684,235.0016,0.0653,-0.2827,6.746,18.4264,230.6611,0.0796,0.3701,11.5939,19.08,235.2687,0.0816,0.6095
2014-01-22T23:00:59.817Z,-4.631,15.728,234.983,0.0666,-0.289,6.889,18.8024,230.3669,0.0816,0.3697,11.6944,19.1817,234.7885,0.0816,0.6124
2014-01-22T23:01:59.891Z,-4.0752,14.55,235.1648,0.0617,-0.2766,6.9199,18.3064,230.7924,0.079,0.3821,11.8616,18.9497,234.8032,0.0802,0.6282
2014-01-22T23:02:59.985Z,-4.6886,15.9339,235.0483,0.0674,-0.2886,6.6816,18.9433,231.2493,0.0823,0.3579,11.3703,19.3667,234.4918,0.0827,0.589
2014-01-22T23:03:59.349Z,-4.1947,14.6545,235.0828,0.0629,-0.2772,6.9103,18.0553,231.498,0.0776,0.3864,11.6596,18.684,234.6141,0.0791,0.6271
2014-01-22T23:04:59.566Z,-4.4584,15.1113,235.0536,0.0649,-0.2891,7.0627,18.5027,231.6081,0.0798,0.3851,11.6056,18.9866,234.7736,0.0812,0.6131
2014-01-22T23:05:59.811Z,-2.7555,11.4004,234.8252,0.0499,-0.2395,7.8769,16.7946,231.4855,0.0717,0.4713,12.1898,17.653,234.6481,0.0723,0.6924
2014-01-22T23:06:59.919Z,-2.6568,11.0697,234.7879,0.048,-0.2386,8.0477,16.5151,231.3323,0.0702,0.4867,12.3113,17.381,234.6972,0.0704,0.7083
2014-01-22T23:07:59.071Z,-3.5632,13.3999,233.9528,0.0574,-0.2635,7.2411,17.3831,231.5782,0.0746,0.4189,11.4911,17.959,234.6566,0.0767,0.6414
2014-01-22T23:08:59.247Z,-4.1167,14.1288,233.2656,0.06,-0.2893,6.9326,17.52,232.0159,0.076,0.3953,11.0605,18.0576,234.7621,0.0781,0.6126
2014-01-22T23:09:59.412Z,-4.4634,14.7689,233.1678,0.063,-0.3014,6.8257,17.8328,231.2469,0.0769,0.3831,10.7544,18.0366,234.7811,0.0788,0.5961
2014-01-22T23:10:59.526Z,-4.2784,14.5084,231.3147,0.0626,-0.2932,6.4405,17.891,231.2684,0.0774,0.3601,10.7833,18.1234,235.0795,0.0786,0.5954
2014-01-22T23:11:59.779Z,-3.3787,13.1172,230.1816,0.0566,-0.2518,6.7756,17.4837,231.4211,0.0752,0.3907,11.4302,18.2494,235.786,0.0762,0.6293
2014-01-22T23:12:59.940Z,-3.3857,12.633,229.9778,0.0547,-0.2656,6.7981,17.1215,231.5179,0.0732,0.3973,11.6537,17.9093,235.7532,0.0769,0.6505
2014-01-22T23:13:59.210Z,-3.4995,12.878,233.5063,0.0554,-0.2704,7.3386,17.3149,231.1421,0.0743,0.4241,11.5218,17.8333,234.6139,0.0774,0.6462
2014-01-22T23:14:59.474Z,-3.5626,12.8655,233.873,0.0549,-0.2738,7.0906,16.9935,231.2001,0.0731,0.417,11.6485,17.7943,234.4797,0.0769,0.6552
2014-01-22T23:15:59.826Z,-3.1195,12.2576,235.1126,0.0522,-0.2531,7.7883,17.074,230.6664,0.0736,0.4558,12.0147,17.6299,234.0285,0.0749,0.6816
2014-01-22T23:16:59.954Z,-3.4537,12.8971,234.7318,0.0552,-0.2634,7.6332,17.4078,230.7396,0.0746,0.4399,11.728,17.8431,233.8755,0.0761,0.6586
2014-01-22T23:17:59.084Z,-3.6148,13.3465,231.7638,0.0576,-0.2615,6.8452,17.4687,231.3453,0.0751,0.396,11.5535,18.087,234.4712,0.0768,0.6414
2014-01-22T23:18:59.389Z,-2.9349,11.7313,232.4797,0.0504,-0.248,7.2736,16.8332,231.9146,0.072,0.4331,12.0204,17.5801,233.4007,0.0748,0.6836
2014-01-22T23:19:59.638Z,-3.0587,11.9166,234.4302,0.0501,-0.2537,7.544,16.9002,231.9268,0.0724,0.4463,11.9006,17.5931,233.0727,0.0747,0.6769
2014-01-22T23:20:59.798Z,-3.1648,12.1569,234.3994,0.0521,-0.2576,7.6505,16.976,231.8784,0.073,0.451,11.974,17.5548,233.037,0.0747,0.6826
2014-01-22T23:21:59.912Z,-3.0702,11.9366,230.7138,0.052,-0.2555,7.0926,16.6134,231.9372,0.0713,0.4277,11.8726,17.6907,235.039,0.0744,0.6715
2014-01-22T23:22:59.074Z,-3.137,12.2023,233.0496,0.0525,-0.2558,7.3251,16.8553,231.764,0.0723,0.4342,12.0773,17.8232,234.5396,0.0759,0.6782
2014-01-22T23:23:59.335Z,-3.3374,12.3446,233.8145,0.0529,-0.2663,7.2222,17.028,232.0704,0.0734,0.4249,11.8348,17.6736,234.3063,0.0751,0.67
2014-01-22T23:24:59.531Z,-2.9132,11.9297,232.0217,0.0513,-0.2394,7.3411,17.0533,231.8677,0.0731,0.4305,11.8503,17.6501,234.9713,0.0743,0.6714
2014-01-22T23:25:59.794Z,-3.1766,12.3505,230.5926,0.0535,-0.2524,6.8296,16.842,232.0084,0.0727,0.4057,12.05,17.7839,235.4515,0.0752,0.678
2014-01-22T23:26:59.988Z,-3.2705,12.331,233.3568,0.0526,-0.262,7.328,17.0482,232.0801,0.0734,0.4306,11.9322,17.8064,235.0652,0.075,0.6712
2014-01-22T23:27:59.438Z,-3.2076,12.2203,233.6935,0.0522,-0.2596,7.3958,16.9515,231.9925,0.0727,0.4365,11.9704,17.8218,235.0254,0.0759,0.6725
2014-01-22T23:28:59.569Z,-3.2512,12.358,234.4213,0.0524,-0.2595,7.4907,17.0691,232.5077,0.0728,0.4388,11.9343,17.7944,235.2281,0.0751,0.6711
2014-01-22T23:29:59.666Z,-3.3207,12.3906,234.2174,0.0526,-0.2647,7.3027,17.188,232.1573,0.0735,0.4256,11.8659,17.7757,235.1272,0.0756,0.6673
2014-01-22T23:30:59.767Z,-3.9865,13.5962,233.4816,0.0582,-0.2917,7.0276,17.7295,231.595,0.0773,0.3962,11.5228,17.8277,234.8769,0.0769,0.6466
2014-01-22T23:31:59.957Z,-3.8321,13.6367,233.3859,0.059,-0.28,7.0526,17.5598,232.1309,0.0761,0.4019,11.6581,17.9309,234.9164,0.0781,0.6503
2014-01-22T23:32:59.348Z,-3.8744,13.5319,233.9522,0.0587,-0.286,7.1657,17.6772,232.0576,0.0769,0.4055,11.6977,17.8516,234.7408,0.0772,0.6547
2014-01-22T23:33:59.500Z,-3.8135,13.6359,234.6243,0.0584,-0.279,7.3366,17.6995,232.2041,0.0771,0.4143,11.5759,17.8141,234.6143,0.0773,0.6498
2014-01-22T23:34:59.667Z,-3.7432,13.3767,233.8222,0.0572,-0.2789,7.0695,17.7016,232.2526,0.0763,0.3996,11.6438,17.8783,235.1037,0.0777,0.6514
2014-01-22T23:35:59.771Z,-3.5466,13.0684,231.5603,0.0566,-0.2702,6.7068,17.5826,231.9962,0.076,0.3814,11.5998,17.822,235.5267,0.0771,0.6505
2014-01-22T23:36:59.875Z,-3.801,13.6219,234.3521,0.0585,-0.279,7.0165,17.5746,232.1181,0.0757,0.3996,11.4147,17.7419,234.2685,0.0768,0.6434
2014-01-22T23:37:59.069Z,-4.132,14.0278,234.0435,0.06,-0.2938,6.9697,17.7153,231.678,0.0766,0.394,11.4201,17.831,234.2094,0.0775,0.6405
2014-01-22T23:38:59.270Z,-3.9955,13.9048,234.3246,0.0594,-0.2862,7.1767,17.5577,231.3464,0.0762,0.4086,11.4339,17.8278,234.3821,0.0769,0.6416
2014-01-22T23:39:59.359Z,-4.2341,14.1637,233.4335,0.061,-0.2984,7.2269,17.4869,231.1166,0.0757,0.4134,11.5564,17.8871,234.3535,0.0783,0.6461
2014-01-22T23:40:59.460Z,-4.2683,14.2594,233.2966,0.0609,-0.2982,7.2624,17.5913,230.7872,0.0767,0.4129,11.4231,17.8271,234.0619,0.0779,0.6407
2014-01-22T23:41:59.535Z,-4.0396,13.8597,233.8557,0.059,-0.2902,7.0665,17.3365,231.6629,0.0748,0.4075,11.3689,17.82,234.1233,0.0781,0.6384
2014-01-22T23:42:59.870Z,-3.8751,13.4242,233.7247,0.0575,-0.2877,6.9591,17.4552,231.9618,0.0759,0.3986,11.5376,17.7683,234.2579,0.0771,0.6494
2014-01-22T23:43:59.989Z,-3.7863,13.3807,233.3317,0.0579,-0.2816,7.014,17.7095,231.8643,0.0768,0.3957,11.5653,17.7911,234.6276,0.077,0.6502
2014-01-22T23:44:59.183Z,-3.9649,13.5113,233.7972,0.0583,-0.2923,7.0832,17.7387,231.9179,0.0773,0.3993,11.5511,17.8018,234.4326,0.0772,0.6486
2014-01-22T23:45:59.341Z,-3.7584,13.2607,233.862,0.0582,-0.2829,6.9507,17.4907,232.3462,0.0752,0.3973,11.6559,17.8155,235.0044,0.077,0.6536
2014-01-22T23:46:59.439Z,-3.7022,13.5056,234.042,0.0581,-0.2739,7.0768,17.5145,232.3632,0.0754,0.4038,11.6027,17.8656,234.7191,0.0778,0.6495
2014-01-22T23:47:59.515Z,-3.7161,13.4726,233.6728,0.0579,-0.2754,6.9999,17.5446,232.2012,0.0757,0.399,11.4991,17.9532,234.981,0.0781,0.6409
2014-01-22T23:48:59.620Z,-3.5678,13.2404,231.6639,0.0571,-0.2685,6.6614,17.5499,232.5586,0.0754,0.3801,11.5133,18.0062,236.2835,0.0777,0.64
2014-01-22T23:49:59.820Z,-3.7837,13.4796,234.049,0.0577,-0.2802,7.1587,17.5835,232.5677,0.0755,0.4076,11.459,17.9648,235.3686,0.0781,0.6378
2014-01-22T23:50:59.011Z,-3.8039,13.5898,235.0716,0.0584,-0.2796,7.2665,17.6011,232.7429,0.0759,0.4123,11.5544,18.0819,235.5459,0.078,0.6391
2014-01-22T23:51:59.152Z,-4.0084,13.837,235.2217,0.059,-0.2884,7.2576,17.7334,233.045,0.0766,0.4094,11.5734,18.1099,235.7514,0.0786,0.6389
2014-01-22T23:52:59.299Z,-3.8733,13.6587,235.0761,0.0588,-0.2829,7.4164,17.6882,233.2141,0.0764,0.4193,11.5695,18.0232,235.7736,0.0782,0.6415
2014-01-22T23:53:59.448Z,-3.7649,13.4472,234.8494,0.0573,-0.2786,7.283,17.5059,232.9139,0.075,0.4161,11.5836,17.8457,235.7798,0.0764,0.6488
2014-01-22T23:54:59.625Z,-3.9286,13.483,234.7936,0.0576,-0.2907,7.3245,17.4924,232.9056,0.0755,0.4184,11.6683,17.9366,235.4634,0.0773,0.6506
2014-01-22T23:55:59.846Z,-3.9415,13.8497,234.9654,0.0593,-0.2839,7.3901,17.67,232.6951,0.0759,0.4187,11.5639,17.8688,234.6191,0.0768,0.6481
2014-01-22T23:57:59.191Z,-4.0583,13.8962,235.3287,0.0594,-0.2908,7.4272,17.5314,232.4161,0.0756,0.4236,11.5913,17.7784,235.1095,0.0766,0.6521
2014-01-22T23:58:59.310Z,-3.6933,13.4841,236.0399,0.0579,-0.2735,7.3991,17.7782,232.5346,0.0765,0.4165,11.7901,17.8841,235.304,0.0779,0.6595
2014-01-22T23:59:59.653Z,-3.5914,13.2445,236.1871,0.0562,-0.2702,7.4753,17.9281,232.6261,0.0778,0.4167,11.6032,17.8799,235.3352,0.0766,0.6494
